0220:0330,0336,0330,0337,
0221:0331,0336,0331,0337,
0222:0332,0336,0332,0337,
0223:0333,0336,0333,0337,
0224:0336,0347,0337,
0225:0220,0224,
0226:0221,0224,
0227:0222,0224,
0230:0223,0224,
0240:0332,0362,0203,0203,0335,0203,0203,0203,0203,0203,0203,0203,0203,0203,0203,0203,0335,0203,0203,0203,0335,0203,0203,0203,0203,0203,0203,0203,0203,0203,0203,0203,0335,0203,0363,0333,01115,01105,01124,01122,01117,01102,01125,01123,
01101:0336,0336,0336,0324,0221,0225,0225,0225,0225,0225,0223,0225,0223,0225,0221,0230,0221,0230,0335,0335,0225,0225,0225,0225,0221,0221,0335,0225,0225,0225,0335,0221,0221,0223,0223,0223,0223,0320,0337,0337,0337,0336,0336,0336,0223,0337,0337,0337,
01102:0336,0336,0336,0324,0224,0225,0225,0225,0225,0225,0225,0335,0225,0225,0225,0223,0225,0335,0225,0220,0335,0225,0225,0225,0221,0221,0221,0334,0225,0225,0335,0222,0225,0225,0225,0335,0223,0223,0223,0223,0320,0337,0337,0337,0336,0336,0336,0223,0337,0337,0337,
01103:0333,0336,0330,0332,0334,0343,0335,0335,0350,0334,0334,0343,0335,0335,0335,0335,0343,0351,0330,0335,0335,0333,0337,0304,0313,
01104:0333,0332,0342,0336,0330,0350,0335,0343,0335,0335,0343,0335,0351,0330,0335,0335,0336,0333,0337,0333,0337,0304,0313,
01105:0324,0336,0336,0336,0224,0225,0225,0225,0225,0225,0225,0335,0225,0225,0225,0225,0221,0221,0221,0221,0223,0223,0223,0225,0225,0225,0304,0304,0221,0221,0221,0223,0223,0223,0225,0225,0225,0225,0334,0223,0337,0337,0337,0320,0336,0336,0336,0223,0337,0337,0337,
01106:0304,0313,0333,0336,0332,0336,0332,0332,0337,0337,0342,0335,0336,0332,0336,0342,0337,0332,0342,0336,0331,0334,0337,0337,0333,0331,0304,0313,
01107:0304,0313,0333,0336,0330,0332,0334,0343,0335,0335,0350,0334,0334,0343,0335,0335,0335,0335,0343,0351,0330,0335,0335,0333,0337,0336,0336,0332,0336,0333,0337,0342,0330,0334,0342,0335,0331,0333,0337,0337,0304,0313,
01110:0304,0313,0333,0336,0336,0332,0332,0337,0337,0342,0336,0332,0337,0342,0336,0330,0335,0342,0330,0334,0331,0336,0333,0337,0337,0304,0313,
01111:0304,0313,0333,0336,0336,0332,0332,0334,0337,0342,0336,0330,0335,0337,0337,0342,0330,0336,0336,0334,0342,0335,0335,0342,0330,0330,0334,0337,0337,0331,
01112:0304,0313,0333,0336,0330,0332,0342,0330,0335,0336,0342,0334,0334,0342,0334,0330,0330,0342,0330,0333,0343,0335,0335,0333,0331,0333,0336,0333,0337,0337,0337,
01113:0304,0313,0333,0336,0332,0332,0337,0342,0336,0330,0350,0335,0310,0337,0342,0336,0313,0335,0335,0310,0337,0342,0336,0313,0335,0351,0330,0335,0335,0333,0337,0304,0313,0336,0336,0336,0333,0337,0337,0337,
01114:0333,0336,0332,0336,0332,0337,0337,0342,0336,0335,0342,0330,0336,0330,0334,0337,0337,
01115:0336,0336,0336,0324,0224,0225,0225,0225,0225,0225,0225,0221,0230,0221,0230,0226,0223,0220,0225,0223,0225,0226,0226,0226,0226,0226,0226,0223,0337,0337,0337,0320,0336,0336,0336,0223,0337,0337,0337,
01116:0342,0330,0335,0306,0335,0313,0337,0312,0336,0342,0330,0334,0334,0350,0334,0337,0313,0336,0304,0342,0336,0336,0336,0333,0337,0337,0337,
01117:0324,0336,0336,0336,0225,0225,0225,0225,0225,0223,0225,0230,0230,0221,0230,0226,0226,0226,0226,0221,0227,0227,0227,0223,0223,0223,0223,0337,0337,0337,0320,0336,0336,0336,0223,0337,0337,0337,
01120:0333,0332,0336,0336,0333,0337,0337,0342,0336,0330,0336,0330,0333,0341,0333,0333,0330,0337,0337,0331,
01121:0333,0336,0330,0332,0341,0335,0335,0336,0330,0332,0350,0334,0337,0342,0334,0351,0334,0333,0331,0336,0330,0337,0337,
01122:0336,0336,0336,0324,0224,0225,0225,0225,0225,0225,0225,0230,0230,0230,0221,0230,0226,0221,0227,0227,0227,0223,0226,0221,0230,0221,0230,0223,0337,0337,0337,0320,0336,0336,0336,0223,0337,0337,0337,
01123:0336,0336,0336,0324,0225,0221,0230,0230,0230,0223,0225,0225,0222,0225,0227,0227,0222,0225,0225,0223,0225,0230,0230,0223,0226,0221,0221,0221,0221,0221,0223,0337,0337,0337,0320,0336,0336,0336,0223,0337,0337,0337,
01124:0336,0336,0336,0324,0223,0223,0224,0225,0225,0225,0225,0225,0225,0227,0227,0223,0223,0230,0230,0223,0221,0221,0221,0221,0221,0221,0337,0337,0337,0320,0336,0336,0336,0223,0337,0337,0337,
01125:0336,0336,0336,0324,0225,0225,0225,0225,0225,0225,0221,0221,0221,0221,0221,0221,0230,0230,0230,0223,0225,0225,0225,0225,0225,0225,0223,0221,0221,0221,0221,0221,0221,0337,0337,0337,0320,0336,0336,0336,0223,0337,0337,0337,
01126:0333,0336,0332,0350,0350,0335,0337,0342,0334,0334,0342,0335,0335,0334,0351,0351,0336,0333,0337,
01127:0336,0336,0336,0333,0333,0337,0337,0337,0304,0313,0350,0350,0350,0334,0342,0335,0335,0336,0342,0330,0304,0335,0350,0350,0335,0335,0335,0342,0330,0304,0334,0350,0334,0350,0334,0337,0342,0334,0350,0335,0304,0336,0336,0333,0336,0333,0337,0337,0337,
01130:0313,0306,0350,0337,0312,0336,0335,0342,0334,0304,0337,0313,0336,0330,0335,0306,0335,0337,0312,0336,0342,0330,0334,0304,0334,0337,0313,0336,0336,0336,0336,0333,0337,0337,0337,
01131:0304,0313,0336,0336,0336,0332,0337,0337,0337,0336,0333,0342,0330,0306,0350,0334,0337,0312,0336,0342,0335,0335,0342,0337,0313,0336,0334,0304,0331,0333,0337,0336,0336,0336,0332,0337,0337,0337,
01132:0304,0335,0312,0336,0342,0337,0332,0336,0342,0337,0333,0306,0336,0334,0313,0337,0342,0335,0304,0336,0330,0334,0312,0337,0313,0336,0336,0336,0333,0337,0337,0337,
01220:0333,0200,0336,0332,0330,0220,0331,0331,0333,0336,0331,0337,0337,
01221:0333,0200,0336,0330,0332,0201,0336,0201,0335,0350,0335,0342,0335,0335,0342,0335,0335,0335,0304,0333,0333,0331,0331,0331,0331,0331,0337,0337,
01224:0333,0200,0336,0332,0330,0336,0224,0342,0335,0342,0335,0335,0342,0335,0335,0334,0330,0330,0340,0333,0333,0331,0331,0331,0331,0337,0337,
01225:0333,0200,0336,0330,0332,0336,0225,0331,0336,0331,0341,0333,0333,0333,0333,0331,0331,0331,0331,0337,0337,0337,
01226:0333,0200,0336,0336,0330,0330,0332,0332,0336,0341,0337,0226,0333,0333,0336,0331,0337,0337,0337,
01227:0333,0200,0336,0330,0332,0336,0336,0341,0337,0227,0333,0333,0333,0331,0331,0336,0333,0337,0337,0337,
01230:0333,0200,0336,0330,0332,0336,0336,0341,0337,0230,0331,0331,0336,0333,0337,0337,0337,
