0220:0336,0333,0331,0337,0204,0336,0330,0332,0337,
0221:0330,0220,
01220:0333,0200,0336,0330,0332,0336,0333,0331,0337,0322,0204,0320,0336,0330,0332,0337,0342,0335,0342,0335,0335,0342,0335,0336,0330,0340,0330,0330,0330,0340,0331,0331,0331,0331,0331,0333,0337,0200,0332,0333,0336,0333,0331,0337,0337,
01221:0333,0200,0336,0330,0332,0336,0330,0330,0333,0331,0337,0322,0204,0320,0336,0330,0332,0337,0342,0335,0342,0335,0335,0342,0335,0336,0330,0340,0330,0330,0330,0340,0331,0331,0331,0331,0331,0333,0337,0200,0332,0333,0336,0333,0331,0337,0337,0336,0331,0337,
0222:0304,0210,0336,0333,0331,0337,0204,0336,0330,0332,0337,0211,
0223:0330,0222,
01222:0333,0200,0336,0330,0332,0336,0333,0331,0337,0322,0336,0336,0336,0330,0332,0337,0337,0337,0210,0210,0204,0211,0211,0336,0336,0336,0331,0333,0337,0337,0337,0320,0336,0330,0332,0337,0342,0335,0342,0335,0335,0342,0335,0336,0330,0340,0330,0330,0330,0340,0331,0331,0331,0331,0331,0333,0337,0200,0332,0333,0336,0333,0331,0337,0337,
01223:0333,0200,0336,0330,0332,0336,0330,0330,0333,0331,0337,0322,0336,0336,0336,0330,0332,0337,0337,0337,0210,0210,0204,0211,0211,0336,0336,0336,0331,0333,0337,0337,0337,0320,0336,0330,0332,0337,0342,0335,0342,0335,0335,0342,0335,0336,0330,0340,0330,0330,0330,0340,0331,0331,0331,0331,0331,0333,0337,0200,0332,0333,0336,0333,0331,0337,0337,0336,0331,0337,
0212:0350,0350,0334,0304,0210,0330,
0213:0350,0350,0335,0304,0210,0330,
01212:0333,0200,0336,0332,0201,0335,0335,0336,0336,0350,0335,0342,0334,0334,0342,0335,0304,0335,0335,0350,0350,0335,0304,0337,0337,0210,0201,0335,0335,0350,0335,0336,0336,0342,0334,0334,0342,0335,0304,0337,0337,0330,0350,0350,0334,0304,0335,0335,0211,0331,0333,0337,
01213:0333,0200,0336,0332,0201,0335,0335,0336,0336,0350,0335,0342,0334,0334,0342,0335,0304,0335,0335,0350,0350,0334,0304,0337,0337,0210,0201,0335,0335,0350,0335,0336,0336,0342,0334,0334,0342,0335,0304,0337,0337,0330,0350,0350,0335,0304,0335,0335,0211,0331,0333,0337,
0224:0306,0362,0203,0334,0334,0203,0334,0334,0203,0363,0334,0334,
0225:0306,0362,0203,0335,0335,0203,0335,0335,0203,0335,0335,0363,
0226:0306,0334,0362,0203,0334,0334,0203,0334,0334,0203,0363,0334,
0227:0306,0335,0362,0203,0335,0335,0203,0335,0335,0203,0363,0335,
0230:0306,0335,0335,0335,0362,0203,0335,0335,0203,0335,0335,0203,0363,0334,
0231:0306,0335,0335,0335,0362,0203,0334,0334,0203,0334,0334,0203,0363,0335,
01224:0333,0200,0336,0330,0332,0224,0330,0335,0335,0201,0335,0201,0335,0201,0335,0201,0335,0201,0335,0330,0334,0330,0331,0331,0304,0333,0331,0337,
01225:0333,0200,0336,0330,0332,0225,0330,0335,0335,0201,0335,0201,0335,0201,0335,0201,0335,0201,0335,0330,0334,0330,0331,0331,0304,0333,0331,0337,
01226:0333,0200,0336,0330,0332,0226,0330,0335,0335,0201,0335,0201,0335,0201,0335,0201,0335,0201,0335,0330,0334,0330,0331,0331,0304,0333,0331,0337,
01227:0333,0200,0336,0330,0332,0227,0330,0335,0335,0201,0335,0201,0335,0201,0335,0201,0335,0201,0335,0330,0334,0330,0331,0331,0304,0333,0331,0337,
01230:0333,0200,0336,0330,0332,0230,0330,0335,0335,0201,0335,0201,0335,0201,0335,0201,0335,0201,0335,0330,0334,0330,0331,0331,0304,0333,0331,0337,
01231:0333,0200,0336,0330,0332,0231,0330,0335,0335,0201,0335,0201,0335,0201,0335,0201,0335,0201,0335,0330,0334,0330,0331,0331,0304,0333,0331,0337,
0231:0306,0335,0335,0335,0362,0203,0334,0334,0203,0334,0334,0203,0363,0335,0304,0304,
0232:0306,0362,0203,0334,0203,0334,0203,0334,0203,0334,0203,0334,0203,0334,0363,
0233:0362,0306,0203,0335,0203,0335,0203,0335,0203,0335,0203,0335,0203,0335,0364,
0234:0305,0311,0362,0203,0335,0350,0335,0337,0203,0335,0335,0335,0335,0203,0335,0335,0335,0305,0336,0363,
0235:0311,0305,0362,0203,0334,0350,0334,0337,0203,0334,0334,0334,0334,0203,0334,0334,0334,0363,0305,0336,
0236:0305,0311,0362,0203,0335,0203,0335,0335,0337,0203,0363,0335,0335,0336,
0237:0305,0311,0362,0203,0334,0203,0334,0334,0337,0203,0363,0334,0334,0336,
01231:0333,0200,0336,0330,0332,0231,0333,0331,0337,
01232:0333,0200,0336,0332,0330,0232,0304,0333,0331,0337,
01233:0333,0200,0336,0332,0330,0233,0304,0333,0331,0337,
01234:0333,0200,0336,0330,0332,0234,0313,0304,0333,0331,0337,
01235:0333,0200,0336,0330,0332,0235,0304,0313,0333,0331,0337,
01236:0333,0200,0336,0330,0332,0236,0304,0313,0333,0331,0337,
01237:0333,0200,0336,0330,0332,0237,0304,0313,0333,0331,0337,
0240:0330,0336,0347,0337,
0241:0336,0330,0330,0330,0347,0337,
01240:0333,0200,0336,0332,0240,0240,0333,0331,0331,0337,
01241:0333,0200,0336,0332,0241,0241,0333,0331,0331,0331,0337,