[
    {
        "shapes": [
            "0242:0322,0336,0336,0336,0330,0337,0310,0336,0341,0313,0336,0332,0331,0336,0331,0336,0330,0337,0337,0201,0201,0336,0201,0336,0201,0337,0331,0331,0331,0331,0331,0334,0201,0201,0201,0336,0201,0334,0337,0337,0201,0201,0201,0201,0335,0201,0201,0336,0201,0335,0337,0337,0333,0333,0330,0336,0333,0330,0336,0330,0336,0332,0337,0337,0336,0201,0336,0201,0330,0330,0337,0201,0336,0336,0201,0337,0330,0330,0337,0201,0336,0201,0335,0333,0333,0337,0337,0201,0336,0201,0336,0201,0335,0337,0337,0201,0201,0201,0201,0335,0201,0201,0201,0336,0201,0336,0201,0330,0330,0201,0337,0336,0201,0336,0201,0335,0337,0337,0337,0201,0201,0201,0201,0201,0201,0201,0201,0334,0201,0336,0201,0335,0337,0337,0333,0333,0333,0331,0331,0331,0336,0336,0333,0336,0336,0332,0331,0331,0334,0333,0337,0337,0337,0201,0336,0201,0336,0201,0335,0333,0333,0333,0333,0337,0337,0201,0336,0336,0336,0336,0201,0334,0337,0337,0337,0337,0201,0335,0336,0336,0337,0337,0335,0306,0350,0334,0336,0362,0203,0335,0335,0335,0335,0203,0335,0335,0335,0335,0203,0363,0334,0304,0335,0335,0330,0330,0330,0334,0333,0336,0332,0331,0334,0337,0306,0362,0336,0310,0337,0313,0362,0203,0335,0335,0203,0203,0335,0335,0203,0203,0335,0335,0203,0363,0304,0335,0304,0330,0330,0334,0336,0201,0306,0334,0342,0335,0331,0335,0335,0335,0201,0334,0342,0335,0304,0334,0332,0330,0330,0330,0336,0330,0337,0337,0201,0201,0201,0201,0201,0201,0201,0201,0201,0201,0201,0335,0201,0201,0201,0201,0201,0201,0201,0201,0201,0201,0331,0331,0331,0331,0331,0340,0337,0337,0335,0201,0201,0201,0201,0201,0201,0201,0334,0342,0332,0332,0336,0332,0336,0333,0337,0337,0201,0336,0336,0342,0331,0331,0331,0331,0340,0332,0332,0332,0332,0332,0332,0332,0332,0332,0332,0332,0336,0333,0340,0337,0337,0337,0331,0331,0331,0331,0331,0336,0336,0330,0340,0334,0334,0337,0337,0342,0332,0332,0332,0336,0336,0333,0333,0337,0337,0342,0340,0335,0332,0337,0337,0201,0336,0201,0336,0336,0201,0335,0337,0337,0201,0201,0201,0336,0201,0335,0201,0201,0201,0201,0201,0201,0201,0201,0201,0201,0336,0201,0335,0337,0337,0201,0201,0201,0336,0201,0335,0201,0201,0201,0201,0330,0330,0330,0330,0336,0336,0330,0334,0337,0337,0201,0336,0201,0336,0201,0335,0337,0201,0336,0201,0335,0337,0337,0201,0336,0201,0336,0201,0335,0331,0331,0330,0330,0330,0337,0337,0337,0330,0335,0336,0201,0336,0201,0336,0201,0334,0337,0201,0336,0201,0334,0337,0201,0201,0201,0336,0201,0335,0337,0337,0201,0336,0331,0330,0330,0330,0336,0331,0337,0335,0337,0201,0336,0201,0336,0201,0334,0337,0201,0336,0201,0334,0337,0337,0201,0336,0201,0336,0201,0335,0337,0201,0201,0201,0335,0201,0201,0201,0336,0201,0334,0337,0201,0336,0201,0334,0337,0337,0201,0336,0201,0336,0201,0334,0337,0337,0337,0333,0333,0333,0333,0336,0332,0335,0201,0336,0201,0334,0201,0336,0201,0334,0337,0337,0201,0336,0201,0335,0330,0330,0330,0335,0201,0201,0201,0334,0201,0336,0201,0334,0337,0201,0201,0201,0335,0330,0330,0330,0330,0335,0336,0336,0333,0337,0337,0337,0201,0336,0201,0334,0201,0336,0336,0201,0334,0337,0337,0201,0201,0201,0335,0330,0330,0330,0335,0201,0201,0201,0334,0201,0336,0201,0334,0201,0201,0201,0201,0201,0201,0335,0337,0337,0332,0332,0332,0332,0332,0332,0332,0332,0332,0332,0331,01123,0331,0331,0332,0336,0336,0333,0337,0337,01123,0331,0331,0331,0336,0336,0330,0330,0332,0332,0332,0337,0337,01123,0331,0331,0331,0336,0336,0330,0330,0330,0332,0332,0332,0337,0337,01107,0337,0330,0333,0333,0333,0333,0333,0330,0330,0336,0330,0333,01104,0331,0331,0331,0332,0336,0336,0330,0330,0333,0337,0337,01104,0331,0331,0332,0336,0336,0331,0331,0333,0337,0337,01104,0331,0331,0332,0336,0336,0333,0337,0337,01104,0330,0330,0337,0330,0330,0330,0332,0332,0332,0332,0332,0336,0336,0333,0331,0336,0337,0330,0336,0337,01061,0331,0331,0331,0331,0331,0336,0332,0337,01062,0331,0331,0331,0331,0331,0336,0332,0332,0337,01063,0331,0331,0331,0331,0331,01064,0333,0333,0333,0333,0333,0333,0333,0333,0333,0333,0333,01065,0330,0330,0330,0330,0330,0332,01066,0330,0330,0330,0330,0330,0336,0331,0332,0337,01067,0330,0330,0330,0330,0330,0332,01070,0331,0331,0331,0331,0331,0332,0336,0332,0336,0333,0331,0337,0337,0335,0337,0201,0336,0336,0201,0334,0337,0337,0337,0337,",
            "0243:0336,0336,0336,",
            "0244:0316,0336,0313,0336,0336,0334,0336,0362,0203,0335,0203,0203,0203,0203,0203,0335,0203,0203,0335,0203,0203,0203,0203,0203,0335,0203,0363,0335,0333,0333,0333,0333,0337,0337,0337,0316,0337,",
            "0245:0244,0244,0244,0336,0336,0337,0337,0244,0336,0336,0330,0330,0330,0330,0330,0334,0334,0331,0331,0331,0331,0331,0331,0331,0333,0333,0336,0336,0333,0333,0333,0333,0333,0333,0333,0333,0333,0333,0333,0333,0333,0333,0333,0337,0337,0337,0337,0244,0244,0244,0244,0335,0335,0331,0336,0330,0330,0313,0330,0336,0331,0337,0337,0337,0336,0336,0336,0333,0337,0316,0337,0313,",
            "0246:0245,0330,0245,0332,0332,",
            "0250:0330,0330,0332,0600,0370,0336,0331,0337,0601,0371,0331,0602,0372,0333,0333,0333,0304,0304,",
            "0600:074,0141,040,0150,0162,0145,0146,040,075,040,042,0150,0164,0164,0160,0163,072,057,057,0167,0167,0167,056,0163,0160,0141,0162,0153,0146,0165,0156,056,0143,0157,0155,057,0144,0141,0164,0141,0163,0150,0145,0145,0164,0163,057,0122,0157,0142,0157,0164,0151,0143,0163,057,0151,0162,0146,067,070,066,062,0160,0142,0146,056,0160,0144,0146,042,076,0151,0162,0146,067,070,066,062,0160,0142,0146,056,0160,0144,0146,074,057,0141,076,040,",
            "0601:074,0141,040,0150,0162,0145,0146,040,075,040,042,0150,0164,0164,0160,0163,072,057,057,0167,0167,0167,056,0144,0151,0147,0151,0153,0145,0171,056,0143,0157,0155,057,0160,0162,0157,0144,0165,0143,0164,055,0144,0145,0164,0141,0151,0154,057,0145,0156,057,0151,0156,0146,0151,0156,0145,0157,0156,055,0164,0145,0143,0150,0156,0157,0154,0157,0147,0151,0145,0163,057,0111,0122,0106,067,070,066,062,0124,0122,0120,0102,0106,057,0111,0122,0106,067,070,066,062,0124,0122,0120,0102,0106,0103,0124,055,0116,0104,057,061,071,062,065,071,061,070,042,076,0142,0165,0171,040,0157,0156,040,0144,0151,0147,0151,0153,0145,0171,074,057,0141,076,040,",
            "0602:074,0160,040,0163,0164,0171,0154,0145,040,075,040,042,0146,0157,0156,0164,055,0163,0151,0172,0145,072,061,070,0160,0170,073,0167,0151,0144,0164,0150,072,062,060,060,0160,0170,042,076,012,0116,040,0103,0150,0141,0156,0156,0145,0154,040,0115,0117,0123,0106,0105,0124,054,040,074,0142,0162,076,070,055,0123,0117,0111,0103,074,0142,0162,076,012,0115,0141,0170,040,0126,072,063,060,0126,074,0142,0162,076,012,0115,0141,0170,040,0111,072,062,060,0101,012,074,057,0160,076,",
            "0603:074,0151,0155,0147,040,0163,0162,0143,040,075,040,042,0150,0164,0164,0160,0163,072,057,057,0151,056,0151,0155,0147,0165,0162,056,0143,0157,0155,057,0117,071,0104,0123,0130,0151,0103,056,0160,0156,0147,042,040,0163,0164,0171,0154,0145,040,075,040,042,0172,055,0151,0156,0144,0145,0170,072,055,062,042,076,040,040,"
        ],
        "glyph": "0330,0330,0332,0600,0370,0336,0331,0337,0601,0371,0331,0602,0372,0333,0333,0333,0304,0304,",
        "w": 1366,
        "h": 672,
        "x0": 683,
        "y0": 336,
        "x0rel": 0,
        "y0rel": 0,
        "unit": 100,
        "imgurl": "",
        "imgw": 2,
        "imgleft": -1,
        "imgtop": -1
    },
    {
        "shapes": [
            "0242:0322,0336,0336,0336,0330,0337,0310,0336,0341,0313,0336,0332,0331,0336,0331,0336,0330,0337,0337,0201,0201,0336,0201,0336,0201,0337,0331,0331,0331,0331,0331,0334,0201,0201,0201,0336,0201,0334,0337,0337,0201,0201,0201,0201,0335,0201,0201,0336,0201,0335,0337,0337,0333,0333,0330,0336,0333,0330,0336,0330,0336,0332,0337,0337,0336,0201,0336,0201,0330,0330,0337,0201,0336,0336,0201,0337,0330,0330,0337,0201,0336,0201,0335,0333,0333,0337,0337,0201,0336,0201,0336,0201,0335,0337,0337,0201,0201,0201,0201,0335,0201,0201,0201,0336,0201,0336,0201,0330,0330,0201,0337,0336,0201,0336,0201,0335,0337,0337,0337,0201,0201,0201,0201,0201,0201,0201,0201,0334,0201,0336,0201,0335,0337,0337,0333,0333,0333,0331,0331,0331,0336,0336,0333,0336,0336,0332,0331,0331,0334,0333,0337,0337,0337,0201,0336,0201,0336,0201,0335,0333,0333,0333,0333,0337,0337,0201,0336,0336,0336,0336,0201,0334,0337,0337,0337,0337,0201,0335,0336,0336,0337,0337,0335,0306,0350,0334,0336,0362,0203,0335,0335,0335,0335,0203,0335,0335,0335,0335,0203,0363,0334,0304,0335,0335,0330,0330,0330,0334,0333,0336,0332,0331,0334,0337,0306,0362,0336,0310,0337,0313,0362,0203,0335,0335,0203,0203,0335,0335,0203,0203,0335,0335,0203,0363,0304,0335,0304,0330,0330,0334,0336,0201,0306,0334,0342,0335,0331,0335,0335,0335,0201,0334,0342,0335,0304,0334,0332,0330,0330,0330,0336,0330,0337,0337,0201,0201,0201,0201,0201,0201,0201,0201,0201,0201,0201,0335,0201,0201,0201,0201,0201,0201,0201,0201,0201,0201,0331,0331,0331,0331,0331,0340,0337,0337,0335,0201,0201,0201,0201,0201,0201,0201,0334,0342,0332,0332,0336,0332,0336,0333,0337,0337,0201,0336,0336,0342,0331,0331,0331,0331,0340,0332,0332,0332,0332,0332,0332,0332,0332,0332,0332,0332,0336,0333,0340,0337,0337,0337,0331,0331,0331,0331,0331,0336,0336,0330,0340,0334,0334,0337,0337,0342,0332,0332,0332,0336,0336,0333,0333,0337,0337,0342,0340,0335,0332,0337,0337,0201,0336,0201,0336,0336,0201,0335,0337,0337,0201,0201,0201,0336,0201,0335,0201,0201,0201,0201,0201,0201,0201,0201,0201,0201,0336,0201,0335,0337,0337,0201,0201,0201,0336,0201,0335,0201,0201,0201,0201,0330,0330,0330,0330,0336,0336,0330,0334,0337,0337,0201,0336,0201,0336,0201,0335,0337,0201,0336,0201,0335,0337,0337,0201,0336,0201,0336,0201,0335,0331,0331,0330,0330,0330,0337,0337,0337,0330,0335,0336,0201,0336,0201,0336,0201,0334,0337,0201,0336,0201,0334,0337,0201,0201,0201,0336,0201,0335,0337,0337,0201,0336,0331,0330,0330,0330,0336,0331,0337,0335,0337,0201,0336,0201,0336,0201,0334,0337,0201,0336,0201,0334,0337,0337,0201,0336,0201,0336,0201,0335,0337,0201,0201,0201,0335,0201,0201,0201,0336,0201,0334,0337,0201,0336,0201,0334,0337,0337,0201,0336,0201,0336,0201,0334,0337,0337,0337,0333,0333,0333,0333,0336,0332,0335,0201,0336,0201,0334,0201,0336,0201,0334,0337,0337,0201,0336,0201,0335,0330,0330,0330,0335,0201,0201,0201,0334,0201,0336,0201,0334,0337,0201,0201,0201,0335,0330,0330,0330,0330,0335,0336,0336,0333,0337,0337,0337,0201,0336,0201,0334,0201,0336,0336,0201,0334,0337,0337,0201,0201,0201,0335,0330,0330,0330,0335,0201,0201,0201,0334,0201,0336,0201,0334,0201,0201,0201,0201,0201,0201,0335,0337,0337,0332,0332,0332,0332,0332,0332,0332,0332,0332,0332,0331,01123,0331,0331,0332,0336,0336,0333,0337,0337,01123,0331,0331,0331,0336,0336,0330,0330,0332,0332,0332,0337,0337,01123,0331,0331,0331,0336,0336,0330,0330,0330,0332,0332,0332,0337,0337,01107,0337,0330,0333,0333,0333,0333,0333,0330,0330,0336,0330,0333,01104,0331,0331,0331,0332,0336,0336,0330,0330,0333,0337,0337,01104,0331,0331,0332,0336,0336,0331,0331,0333,0337,0337,01104,0331,0331,0332,0336,0336,0333,0337,0337,01104,0330,0330,0337,0330,0330,0330,0332,0332,0332,0332,0332,0336,0336,0333,0331,0336,0337,0330,0336,0337,01061,0331,0331,0331,0331,0331,0336,0332,0337,01062,0331,0331,0331,0331,0331,0336,0332,0332,0337,01063,0331,0331,0331,0331,0331,01064,0333,0333,0333,0333,0333,0333,0333,0333,0333,0333,0333,01065,0330,0330,0330,0330,0330,0332,01066,0330,0330,0330,0330,0330,0336,0331,0332,0337,01067,0330,0330,0330,0330,0330,0332,01070,0331,0331,0331,0331,0331,0332,0336,0332,0336,0333,0331,0337,0337,0335,0337,0201,0336,0336,0201,0334,0337,0337,0337,0337,",
            "0243:0336,0336,0336,",
            "0244:0316,0336,0313,0336,0336,0334,0336,0362,0203,0335,0203,0203,0203,0203,0203,0335,0203,0203,0335,0203,0203,0203,0203,0203,0335,0203,0363,0335,0333,0333,0333,0333,0337,0337,0337,0316,0337,",
            "0245:0244,0244,0244,0336,0336,0337,0337,0244,0336,0336,0330,0330,0330,0330,0330,0334,0334,0331,0331,0331,0331,0331,0331,0331,0333,0333,0336,0336,0333,0333,0333,0333,0333,0333,0333,0333,0333,0333,0333,0333,0333,0333,0333,0337,0337,0337,0337,0244,0244,0244,0244,0335,0335,0331,0336,0330,0330,0313,0330,0336,0331,0337,0337,0337,0336,0336,0336,0333,0337,0316,0337,0313,",
            "0246:0245,0330,0245,0332,0332,",
            "0250:0322,0336,0336,0336,0330,0337,0310,0336,0341,0313,0336,0332,0331,0336,0331,0336,0330,0337,0337,0201,0201,0336,0201,0336,0201,0337,0331,0331,0331,0331,0331,0334,0201,0201,0201,0336,0201,0334,0337,0337,0201,0201,0201,0201,0335,0201,0201,0336,0201,0335,0337,0337,0333,0333,0330,0336,0333,0330,0336,0330,0336,0332,0337,0337,0336,0201,0336,0201,0330,0330,0337,0201,0336,0336,0201,0337,0330,0330,0337,0201,0336,0201,0335,0333,0333,0337,0337,0201,0336,0201,0336,0201,0335,0337,0337,0201,0201,0201,0201,0335,0201,0201,0201,0336,0201,0336,0201,0330,0330,0201,0337,0336,0201,0336,0201,0335,0337,0337,0337,0201,0201,0201,0201,0201,0201,0201,0201,0334,0201,0336,0201,0335,0337,0337,0333,0333,0333,0331,0331,0331,0336,0336,0333,0336,0336,0332,0331,0331,0334,0333,0337,0337,0337,0201,0336,0201,0336,0201,0335,0333,0333,0333,0333,0337,0337,0201,0336,0336,0336,0336,0201,0334,0337,0337,0337,0337,0201,0335,0336,0336,0337,0337,0335,0306,0350,0334,0336,0362,0203,0335,0335,0335,0335,0203,0335,0335,0335,0335,0203,0363,0334,0304,0335,0335,0330,0330,0330,0334,0333,0336,0332,0331,0334,0337,0306,0362,0336,0310,0337,0313,0362,0203,0335,0335,0203,0203,0335,0335,0203,0203,0335,0335,0203,0363,0304,0335,0304,0330,0330,0334,0336,0201,0306,0334,0342,0335,0331,0335,0335,0335,0201,0334,0342,0335,0304,0334,0332,0330,0330,0330,0336,0330,0337,0337,0201,0201,0201,0201,0201,0201,0201,0201,0201,0201,0201,0335,0201,0201,0201,0201,0201,0201,0201,0201,0201,0201,0331,0331,0331,0331,0331,0340,0337,0337,0335,0201,0201,0201,0201,0201,0201,0201,0334,0342,0332,0332,0336,0332,0336,0333,0337,0337,0201,0336,0336,0342,0331,0331,0331,0331,0340,0332,0332,0332,0332,0332,0332,0332,0332,0332,0332,0332,0336,0333,0340,0337,0337,0337,0331,0331,0331,0331,0331,0336,0336,0330,0340,0334,0334,0337,0337,0342,0332,0332,0332,0336,0336,0333,0333,0337,0337,0342,0340,0335,0332,0337,0337,0201,0336,0201,0336,0336,0201,0335,0337,0337,0201,0201,0201,0336,0201,0335,0201,0201,0201,0201,0201,0201,0201,0201,0201,0201,0336,0201,0335,0337,0337,0201,0201,0201,0336,0201,0335,0201,0201,0201,0201,0330,0330,0330,0330,0336,0336,0330,0334,0337,0337,0201,0336,0201,0336,0201,0335,0337,0201,0336,0201,0335,0337,0337,0201,0336,0201,0336,0201,0335,0331,0331,0330,0330,0330,0337,0337,0337,0330,0335,0336,0201,0336,0201,0336,0201,0334,0337,0201,0336,0201,0334,0337,0201,0201,0201,0336,0201,0335,0337,0337,0201,0336,0331,0330,0330,0330,0336,0331,0337,0335,0337,0201,0336,0201,0336,0201,0334,0337,0201,0336,0201,0334,0337,0337,0201,0336,0201,0336,0201,0335,0337,0201,0201,0201,0335,0201,0201,0201,0336,0201,0334,0337,0201,0336,0201,0334,0337,0337,0201,0336,0201,0336,0201,0334,0337,0337,0337,0333,0333,0333,0333,0336,0332,0335,0201,0336,0201,0334,0201,0336,0201,0334,0337,0337,0201,0336,0201,0335,0330,0330,0330,0335,0201,0201,0201,0334,0201,0336,0201,0334,0337,0201,0201,0201,0335,0330,0330,0330,0330,0335,0336,0336,0333,0337,0337,0337,0201,0336,0201,0334,0201,0336,0336,0201,0334,0337,0337,0201,0201,0201,0335,0330,0330,0330,0335,0201,0201,0201,0334,0201,0336,0201,0334,0201,0201,0201,0201,0201,0201,0335,0337,0337,0332,0332,0332,0332,0332,0332,0332,0332,0332,0332,0331,01123,0331,0331,0332,0336,0336,0333,0337,0337,01123,0331,0331,0331,0336,0336,0330,0330,0332,0332,0332,0337,0337,01123,0331,0331,0331,0336,0336,0330,0330,0330,0332,0332,0332,0337,0337,01107,0337,0330,0333,0333,0333,0333,0333,0330,0330,0336,0330,0333,01104,0331,0331,0331,0332,0336,0336,0330,0330,0333,0337,0337,01104,0331,0331,0332,0336,0336,0331,0331,0333,0337,0337,01104,0331,0331,0332,0336,0336,0333,0337,0337,01104,0330,0330,0337,0330,0330,0330,0332,0332,0332,0332,0332,0336,0336,0333,0331,0336,0337,0330,0336,0337,01061,0331,0331,0331,0331,0331,0336,0332,0337,01062,0331,0331,0331,0331,0331,0336,0332,0332,0337,01063,0331,0331,0331,0331,0331,01064,0333,0333,0333,0333,0333,0333,0333,0333,0333,0333,0333,01065,0330,0330,0330,0330,0330,0332,01066,0330,0330,0330,0330,0330,0336,0331,0332,0337,01067,0330,0330,0330,0330,0330,0332,01070,0331,0331,0331,0331,0331,0332,0336,0332,0336,0333,0331,0337,0337,0335,0337,0201,0336,0336,0201,0334,0337,0337,0337,0337,",
            "0600:074,0141,040,0150,0162,0145,0146,040,075,040,042,0150,0164,0164,0160,0163,072,057,057,0167,0167,0167,056,0163,0160,0141,0162,0153,0146,0165,0156,056,0143,0157,0155,057,0144,0141,0164,0141,0163,0150,0145,0145,0164,0163,057,0122,0157,0142,0157,0164,0151,0143,0163,057,0151,0162,0146,067,070,066,062,0160,0142,0146,056,0160,0144,0146,042,076,0151,0162,0146,067,070,066,062,0160,0142,0146,056,0160,0144,0146,074,057,0141,076,040,",
            "0601:074,0141,040,0150,0162,0145,0146,040,075,040,042,0150,0164,0164,0160,0163,072,057,057,0167,0167,0167,056,0144,0151,0147,0151,0153,0145,0171,056,0143,0157,0155,057,0160,0162,0157,0144,0165,0143,0164,055,0144,0145,0164,0141,0151,0154,057,0145,0156,057,0151,0156,0146,0151,0156,0145,0157,0156,055,0164,0145,0143,0150,0156,0157,0154,0157,0147,0151,0145,0163,057,0111,0122,0106,067,070,066,062,0124,0122,0120,0102,0106,057,0111,0122,0106,067,070,066,062,0124,0122,0120,0102,0106,0103,0124,055,0116,0104,057,061,071,062,065,071,061,070,042,076,0142,0165,0171,040,0157,0156,040,0144,0151,0147,0151,0153,0145,0171,074,057,0141,076,040,",
            "0602:074,0160,040,0163,0164,0171,0154,0145,040,075,040,042,0146,0157,0156,0164,055,0163,0151,0172,0145,072,061,070,0160,0170,073,0167,0151,0144,0164,0150,072,062,060,060,0160,0170,042,076,012,0116,040,0103,0150,0141,0156,0156,0145,0154,040,0115,0117,0123,0106,0105,0124,054,040,074,0142,0162,076,070,055,0123,0117,0111,0103,074,0142,0162,076,012,0115,0141,0170,040,0126,072,063,060,0126,074,0142,0162,076,012,0115,0141,0170,040,0111,072,062,060,0101,012,074,057,0160,076,",
            "0603:074,0151,0155,0147,040,0163,0162,0143,040,075,040,042,0150,0164,0164,0160,0163,072,057,057,0151,056,0151,0155,0147,0165,0162,056,0143,0157,0155,057,0117,071,0104,0123,0130,0151,0103,056,0160,0156,0147,042,040,0163,0164,0171,0154,0145,040,075,040,042,0172,055,0151,0156,0144,0145,0170,072,055,062,042,076,040,040,"
        ],
        "glyph": "0322,0336,0336,0336,0330,0337,0310,0336,0341,0313,0336,0332,0331,0336,0331,0336,0330,0337,0337,0201,0201,0336,0201,0336,0201,0337,0331,0331,0331,0331,0331,0334,0201,0201,0201,0336,0201,0334,0337,0337,0201,0201,0201,0201,0335,0201,0201,0336,0201,0335,0337,0337,0333,0333,0330,0336,0333,0330,0336,0330,0336,0332,0337,0337,0336,0201,0336,0201,0330,0330,0337,0201,0336,0336,0201,0337,0330,0330,0337,0201,0336,0201,0335,0333,0333,0337,0337,0201,0336,0201,0336,0201,0335,0337,0337,0201,0201,0201,0201,0335,0201,0201,0201,0336,0201,0336,0201,0330,0330,0201,0337,0336,0201,0336,0201,0335,0337,0337,0337,0201,0201,0201,0201,0201,0201,0201,0201,0334,0201,0336,0201,0335,0337,0337,0333,0333,0333,0331,0331,0331,0336,0336,0333,0336,0336,0332,0331,0331,0334,0333,0337,0337,0337,0201,0336,0201,0336,0201,0335,0333,0333,0333,0333,0337,0337,0201,0336,0336,0336,0336,0201,0334,0337,0337,0337,0337,0201,0335,0336,0336,0337,0337,0335,0306,0350,0334,0336,0362,0203,0335,0335,0335,0335,0203,0335,0335,0335,0335,0203,0363,0334,0304,0335,0335,0330,0330,0330,0334,0333,0336,0332,0331,0334,0337,0306,0362,0336,0310,0337,0313,0362,0203,0335,0335,0203,0203,0335,0335,0203,0203,0335,0335,0203,0363,0304,0335,0304,0330,0330,0334,0336,0201,0306,0334,0342,0335,0331,0335,0335,0335,0201,0334,0342,0335,0304,0334,0332,0330,0330,0330,0336,0330,0337,0337,0201,0201,0201,0201,0201,0201,0201,0201,0201,0201,0201,0335,0201,0201,0201,0201,0201,0201,0201,0201,0201,0201,0331,0331,0331,0331,0331,0340,0337,0337,0335,0201,0201,0201,0201,0201,0201,0201,0334,0342,0332,0332,0336,0332,0336,0333,0337,0337,0201,0336,0336,0342,0331,0331,0331,0331,0340,0332,0332,0332,0332,0332,0332,0332,0332,0332,0332,0332,0336,0333,0340,0337,0337,0337,0331,0331,0331,0331,0331,0336,0336,0330,0340,0334,0334,0337,0337,0342,0332,0332,0332,0336,0336,0333,0333,0337,0337,0342,0340,0335,0332,0337,0337,0201,0336,0201,0336,0336,0201,0335,0337,0337,0201,0201,0201,0336,0201,0335,0201,0201,0201,0201,0201,0201,0201,0201,0201,0201,0336,0201,0335,0337,0337,0201,0201,0201,0336,0201,0335,0201,0201,0201,0201,0330,0330,0330,0330,0336,0336,0330,0334,0337,0337,0201,0336,0201,0336,0201,0335,0337,0201,0336,0201,0335,0337,0337,0201,0336,0201,0336,0201,0335,0331,0331,0330,0330,0330,0337,0337,0337,0330,0335,0336,0201,0336,0201,0336,0201,0334,0337,0201,0336,0201,0334,0337,0201,0201,0201,0336,0201,0335,0337,0337,0201,0336,0331,0330,0330,0330,0336,0331,0337,0335,0337,0201,0336,0201,0336,0201,0334,0337,0201,0336,0201,0334,0337,0337,0201,0336,0201,0336,0201,0335,0337,0201,0201,0201,0335,0201,0201,0201,0336,0201,0334,0337,0201,0336,0201,0334,0337,0337,0201,0336,0201,0336,0201,0334,0337,0337,0337,0333,0333,0333,0333,0336,0332,0335,0201,0336,0201,0334,0201,0336,0201,0334,0337,0337,0201,0336,0201,0335,0330,0330,0330,0335,0201,0201,0201,0334,0201,0336,0201,0334,0337,0201,0201,0201,0335,0330,0330,0330,0330,0335,0336,0336,0333,0337,0337,0337,0201,0336,0201,0334,0201,0336,0336,0201,0334,0337,0337,0201,0201,0201,0335,0330,0330,0330,0335,0201,0201,0201,0334,0201,0336,0201,0334,0201,0201,0201,0201,0201,0201,0335,0337,0337,0332,0332,0332,0332,0332,0332,0332,0332,0332,0332,0331,01123,0331,0331,0332,0336,0336,0333,0337,0337,01123,0331,0331,0331,0336,0336,0330,0330,0332,0332,0332,0337,0337,01123,0331,0331,0331,0336,0336,0330,0330,0330,0332,0332,0332,0337,0337,01107,0337,0330,0333,0333,0333,0333,0333,0330,0330,0336,0330,0333,01104,0331,0331,0331,0332,0336,0336,0330,0330,0333,0337,0337,01104,0331,0331,0332,0336,0336,0331,0331,0333,0337,0337,01104,0331,0331,0332,0336,0336,0333,0337,0337,01104,0330,0330,0337,0330,0330,0330,0332,0332,0332,0332,0332,0336,0336,0333,0331,0336,0337,0330,0336,0337,01061,0331,0331,0331,0331,0331,0336,0332,0337,01062,0331,0331,0331,0331,0331,0336,0332,0332,0337,01063,0331,0331,0331,0331,0331,01064,0333,0333,0333,0333,0333,0333,0333,0333,0333,0333,0333,01065,0330,0330,0330,0330,0330,0332,01066,0330,0330,0330,0330,0330,0336,0331,0332,0337,01067,0330,0330,0330,0330,0330,0332,01070,0331,0331,0331,0331,0331,0332,0336,0332,0336,0333,0331,0337,0337,0335,0337,0201,0336,0336,0201,0334,0337,0337,0337,0337,",
        "w": 1366,
        "h": 672,
        "x0": 683,
        "y0": 336,
        "x0rel": 0,
        "y0rel": 0,
        "unit": 146.41000000000008,
        "imgurl": "https://i.imgur.com/O9DSXiC.png",
        "imgw": 2,
        "imgleft": -1,
        "imgtop": -1
    },
    {
        "shapes": [
            "0242:0322,0336,0336,0336,0330,0337,0310,0336,0341,0313,0336,0332,0331,0336,0331,0336,0330,0337,0337,0201,0201,0336,0201,0336,0201,0337,0331,0331,0331,0331,0331,0334,0201,0201,0201,0336,0201,0334,0337,0337,0201,0201,0201,0201,0335,0201,0201,0336,0201,0335,0337,0337,0333,0333,0330,0336,0333,0330,0336,0330,0336,0332,0337,0337,0336,0201,0336,0201,0330,0330,0337,0201,0336,0336,0201,0337,0330,0330,0337,0201,0336,0201,0335,0333,0333,0337,0337,0201,0336,0201,0336,0201,0335,0337,0337,0201,0201,0201,0201,0335,0201,0201,0201,0336,0201,0336,0201,0330,0330,0201,0337,0336,0201,0336,0201,0335,0337,0337,0337,0201,0201,0201,0201,0201,0201,0201,0201,0334,0201,0336,0201,0335,0337,0337,0333,0333,0333,0331,0331,0331,0336,0336,0333,0336,0336,0332,0331,0331,0334,0333,0337,0337,0337,0201,0336,0201,0336,0201,0335,0333,0333,0333,0333,0337,0337,0201,0336,0336,0336,0336,0201,0334,0337,0337,0337,0337,0201,0335,0336,0336,0337,0337,0335,0306,0350,0334,0336,0362,0203,0335,0335,0335,0335,0203,0335,0335,0335,0335,0203,0363,0334,0304,0335,0335,0330,0330,0330,0334,0333,0336,0332,0331,0334,0337,0306,0362,0336,0310,0337,0313,0362,0203,0335,0335,0203,0203,0335,0335,0203,0203,0335,0335,0203,0363,0304,0335,0304,0330,0330,0334,0336,0201,0306,0334,0342,0335,0331,0335,0335,0335,0201,0334,0342,0335,0304,0334,0332,0330,0330,0330,0336,0330,0337,0337,0201,0201,0201,0201,0201,0201,0201,0201,0201,0201,0201,0335,0201,0201,0201,0201,0201,0201,0201,0201,0201,0201,0331,0331,0331,0331,0331,0340,0337,0337,0335,0201,0201,0201,0201,0201,0201,0201,0334,0342,0332,0332,0336,0332,0336,0333,0337,0337,0201,0336,0336,0342,0331,0331,0331,0331,0340,0332,0332,0332,0332,0332,0332,0332,0332,0332,0332,0332,0336,0333,0340,0337,0337,0337,0331,0331,0331,0331,0331,0336,0336,0330,0340,0334,0334,0337,0337,0342,0332,0332,0332,0336,0336,0333,0333,0337,0337,0342,0340,0335,0332,0337,0337,0201,0336,0201,0336,0336,0201,0335,0337,0337,0201,0201,0201,0336,0201,0335,0201,0201,0201,0201,0201,0201,0201,0201,0201,0201,0336,0201,0335,0337,0337,0201,0201,0201,0336,0201,0335,0201,0201,0201,0201,0330,0330,0330,0330,0336,0336,0330,0334,0337,0337,0201,0336,0201,0336,0201,0335,0337,0201,0336,0201,0335,0337,0337,0201,0336,0201,0336,0201,0335,0331,0331,0330,0330,0330,0337,0337,0337,0330,0335,0336,0201,0336,0201,0336,0201,0334,0337,0201,0336,0201,0334,0337,0201,0201,0201,0336,0201,0335,0337,0337,0201,0336,0331,0330,0330,0330,0336,0331,0337,0335,0337,0201,0336,0201,0336,0201,0334,0337,0201,0336,0201,0334,0337,0337,0201,0336,0201,0336,0201,0335,0337,0201,0201,0201,0335,0201,0201,0201,0336,0201,0334,0337,0201,0336,0201,0334,0337,0337,0201,0336,0201,0336,0201,0334,0337,0337,0337,0333,0333,0333,0333,0336,0332,0335,0201,0336,0201,0334,0201,0336,0201,0334,0337,0337,0201,0336,0201,0335,0330,0330,0330,0335,0201,0201,0201,0334,0201,0336,0201,0334,0337,0201,0201,0201,0335,0330,0330,0330,0330,0335,0336,0336,0333,0337,0337,0337,0201,0336,0201,0334,0201,0336,0336,0201,0334,0337,0337,0201,0201,0201,0335,0330,0330,0330,0335,0201,0201,0201,0334,0201,0336,0201,0334,0201,0201,0201,0201,0201,0201,0335,0337,0337,0332,0332,0332,0332,0332,0332,0332,0332,0332,0332,0331,01123,0331,0331,0332,0336,0336,0333,0337,0337,01123,0331,0331,0331,0336,0336,0330,0330,0332,0332,0332,0337,0337,01123,0331,0331,0331,0336,0336,0330,0330,0330,0332,0332,0332,0337,0337,01107,0337,0330,0333,0333,0333,0333,0333,0330,0330,0336,0330,0333,01104,0331,0331,0331,0332,0336,0336,0330,0330,0333,0337,0337,01104,0331,0331,0332,0336,0336,0331,0331,0333,0337,0337,01104,0331,0331,0332,0336,0336,0333,0337,0337,01104,0330,0330,0337,0330,0330,0330,0332,0332,0332,0332,0332,0336,0336,0333,0331,0336,0337,0330,0336,0337,01061,0331,0331,0331,0331,0331,0336,0332,0337,01062,0331,0331,0331,0331,0331,0336,0332,0332,0337,01063,0331,0331,0331,0331,0331,01064,0333,0333,0333,0333,0333,0333,0333,0333,0333,0333,0333,01065,0330,0330,0330,0330,0330,0332,01066,0330,0330,0330,0330,0330,0336,0331,0332,0337,01067,0330,0330,0330,0330,0330,0332,01070,0331,0331,0331,0331,0331,0332,0336,0332,0336,0333,0331,0337,0337,0335,0337,0201,0336,0336,0201,0334,0337,0337,0337,0337,",
            "0243:0336,0336,0336,",
            "0244:0316,0336,0313,0336,0336,0334,0336,0362,0203,0335,0203,0203,0203,0203,0203,0335,0203,0203,0335,0203,0203,0203,0203,0203,0335,0203,0363,0335,0333,0333,0333,0333,0337,0337,0337,0316,0337,",
            "0245:0244,0244,0244,0336,0336,0337,0337,0244,0336,0336,0330,0330,0330,0330,0330,0334,0334,0331,0331,0331,0331,0331,0331,0331,0333,0333,0336,0336,0333,0333,0333,0333,0333,0333,0333,0333,0333,0333,0333,0333,0333,0333,0333,0337,0337,0337,0337,0244,0244,0244,0244,0335,0335,0331,0336,0330,0330,0313,0330,0336,0331,0337,0337,0337,0336,0336,0336,0333,0337,0316,0337,0313,",
            "0246:0245,0330,0245,0332,0332,",
            "0250:0336,0336,0336,0330,0337,0310,0336,0341,0313,0336,0332,0331,0336,0331,0336,0330,0337,0337,0201,0201,0336,0201,0336,0201,0337,0331,0331,0331,0331,0331,0334,0201,0201,0201,0336,0201,0334,0337,0337,0201,0201,0201,0201,0335,0201,0201,0336,0201,0335,0337,0337,0333,0333,0330,0336,0333,0330,0336,0330,0336,0332,0337,0337,0336,0201,0336,0201,0330,0330,0337,0201,0336,0336,0201,0337,0330,0330,0337,0201,0336,0201,0335,0333,0333,0337,0337,0201,0336,0201,0336,0201,0335,0337,0337,0201,0201,0201,0201,0335,0201,0201,0201,0336,0201,0336,0201,0330,0330,0201,0337,0336,0201,0336,0201,0335,0337,0337,0337,0201,0201,0201,0201,0201,0201,0201,0201,0334,0201,0336,0201,0335,0337,0337,0333,0333,0333,0331,0331,0331,0336,0336,0333,0336,0336,0332,0331,0331,0334,0333,0337,0337,0337,0201,0336,0201,0336,0201,0335,0333,0333,0333,0333,0337,0337,0201,0336,0336,0336,0336,0201,0334,0337,0337,0337,0337,0201,0335,0336,0336,0337,0337,0335,0306,0350,0334,0336,0362,0203,0335,0335,0335,0335,0203,0335,0335,0335,0335,0203,0363,0334,0304,0335,0335,0330,0330,0330,0334,0333,0336,0332,0331,0334,0337,0306,0362,0336,0310,0337,0313,0362,0203,0335,0335,0203,0203,0335,0335,0203,0203,0335,0335,0203,0363,0304,0335,0304,0330,0330,0334,0336,0201,0306,0334,0342,0335,0331,0335,0335,0335,0201,0334,0342,0335,0304,0334,0332,0330,0330,0330,0336,0330,0337,0337,0201,0201,0201,0201,0201,0201,0201,0201,0201,0201,0201,0335,0201,0201,0201,0201,0201,0201,0201,0201,0201,0201,0331,0331,0331,0331,0331,0340,0337,0337,0335,0201,0201,0201,0201,0201,0201,0201,0334,0342,0332,0332,0336,0332,0336,0333,0337,0337,0201,0336,0336,0342,0331,0331,0331,0331,0340,0332,0332,0332,0332,0332,0332,0332,0332,0332,0332,0332,0336,0333,0340,0337,0337,0337,0331,0331,0331,0331,0331,0336,0336,0330,0340,0334,0334,0337,0337,0342,0332,0332,0332,0336,0336,0333,0333,0337,0337,0342,0340,0335,0332,0337,0337,0201,0336,0201,0336,0336,0201,0335,0337,0337,0201,0201,0201,0336,0201,0335,0201,0201,0201,0201,0201,0201,0201,0201,0201,0201,0336,0201,0335,0337,0337,0201,0201,0201,0336,0201,0335,0201,0201,0201,0201,0330,0330,0330,0330,0336,0336,0330,0334,0337,0337,0201,0336,0201,0336,0201,0335,0337,0201,0336,0201,0335,0337,0337,0201,0336,0201,0336,0201,0335,0331,0331,0330,0330,0330,0337,0337,0337,0330,0335,0336,0201,0336,0201,0336,0201,0334,0337,0201,0336,0201,0334,0337,0201,0201,0201,0336,0201,0335,0337,0337,0201,0336,0331,0330,0330,0330,0336,0331,0337,0335,0337,0201,0336,0201,0336,0201,0334,0337,0201,0336,0201,0334,0337,0337,0201,0336,0201,0336,0201,0335,0337,0201,0201,0201,0335,0201,0201,0201,0336,0201,0334,0337,0201,0336,0201,0334,0337,0337,0201,0336,0201,0336,0201,0334,0337,0337,0337,0333,0333,0333,0333,0336,0332,0335,0201,0336,0201,0334,0201,0336,0201,0334,0337,0337,0201,0336,0201,0335,0330,0330,0330,0335,0201,0201,0201,0334,0201,0336,0201,0334,0337,0201,0201,0201,0335,0330,0330,0330,0330,0335,0336,0336,0333,0337,0337,0337,0201,0336,0201,0334,0201,0336,0336,0201,0334,0337,0337,0201,0201,0201,0335,0330,0330,0330,0335,0201,0201,0201,0334,0201,0336,0201,0334,0201,0201,0201,0201,0201,0201,0335,0337,0337,0332,0332,0332,0332,0332,0332,0332,0332,0332,0332,0331,01123,0331,0331,0332,0336,0336,0333,0337,0337,01123,0331,0331,0331,0336,0336,0330,0330,0332,0332,0332,0337,0337,01123,0331,0331,0331,0336,0336,0330,0330,0330,0332,0332,0332,0337,0337,01107,0337,0330,0333,0333,0333,0333,0333,0330,0330,0336,0330,0333,01104,0331,0331,0331,0332,0336,0336,0330,0330,0333,0337,0337,01104,0331,0331,0332,0336,0336,0331,0331,0333,0337,0337,01104,0331,0331,0332,0336,0336,0333,0337,0337,01104,0330,0330,0337,0330,0330,0330,0332,0332,0332,0332,0332,0336,0336,0333,0331,0336,0337,0330,0336,0337,01061,0331,0331,0331,0331,0331,0336,0332,0337,01062,0331,0331,0331,0331,0331,0336,0332,0332,0337,01063,0331,0331,0331,0331,0331,01064,0333,0333,0333,0333,0333,0333,0333,0333,0333,0333,0333,01065,0330,0330,0330,0330,0330,0332,01066,0330,0330,0330,0330,0330,0336,0331,0332,0337,01067,0330,0330,0330,0330,0330,0332,01070,0331,0331,0331,0331,0331,0332,0336,0332,0336,0333,0331,0337,0337,0335,0337,0201,0336,0336,0201,0334,0337,0337,0337,0337,0300,0330,",
            "0600:074,0141,040,0150,0162,0145,0146,040,075,040,042,0150,0164,0164,0160,0163,072,057,057,0167,0167,0167,056,0163,0160,0141,0162,0153,0146,0165,0156,056,0143,0157,0155,057,0144,0141,0164,0141,0163,0150,0145,0145,0164,0163,057,0122,0157,0142,0157,0164,0151,0143,0163,057,0151,0162,0146,067,070,066,062,0160,0142,0146,056,0160,0144,0146,042,076,0151,0162,0146,067,070,066,062,0160,0142,0146,056,0160,0144,0146,074,057,0141,076,040,",
            "0601:074,0141,040,0150,0162,0145,0146,040,075,040,042,0150,0164,0164,0160,0163,072,057,057,0167,0167,0167,056,0144,0151,0147,0151,0153,0145,0171,056,0143,0157,0155,057,0160,0162,0157,0144,0165,0143,0164,055,0144,0145,0164,0141,0151,0154,057,0145,0156,057,0151,0156,0146,0151,0156,0145,0157,0156,055,0164,0145,0143,0150,0156,0157,0154,0157,0147,0151,0145,0163,057,0111,0122,0106,067,070,066,062,0124,0122,0120,0102,0106,057,0111,0122,0106,067,070,066,062,0124,0122,0120,0102,0106,0103,0124,055,0116,0104,057,061,071,062,065,071,061,070,042,076,0142,0165,0171,040,0157,0156,040,0144,0151,0147,0151,0153,0145,0171,074,057,0141,076,040,",
            "0602:074,0160,040,0163,0164,0171,0154,0145,040,075,040,042,0146,0157,0156,0164,055,0163,0151,0172,0145,072,061,070,0160,0170,073,0167,0151,0144,0164,0150,072,062,060,060,0160,0170,042,076,012,0116,040,0103,0150,0141,0156,0156,0145,0154,040,0115,0117,0123,0106,0105,0124,054,040,074,0142,0162,076,070,055,0123,0117,0111,0103,074,0142,0162,076,012,0115,0141,0170,040,0126,072,063,060,0126,074,0142,0162,076,012,0115,0141,0170,040,0111,072,062,060,0101,012,074,057,0160,076,",
            "0603:074,0151,0155,0147,040,0163,0162,0143,040,075,040,042,0150,0164,0164,0160,0163,072,057,057,0151,056,0151,0155,0147,0165,0162,056,0143,0157,0155,057,0117,071,0104,0123,0130,0151,0103,056,0160,0156,0147,042,040,0163,0164,0171,0154,0145,040,075,040,042,0172,055,0151,0156,0144,0145,0170,072,055,062,042,076,040,040,"
        ],
        "glyph": "0336,0336,0336,0330,0337,0310,0336,0341,0313,0336,0332,0331,0336,0331,0336,0330,0337,0337,0201,0201,0336,0201,0336,0201,0337,0331,0331,0331,0331,0331,0334,0201,0201,0201,0336,0201,0334,0337,0337,0201,0201,0201,0201,0335,0201,0201,0336,0201,0335,0337,0337,0333,0333,0330,0336,0333,0330,0336,0330,0336,0332,0337,0337,0336,0201,0336,0201,0330,0330,0337,0201,0336,0336,0201,0337,0330,0330,0337,0201,0336,0201,0335,0333,0333,0337,0337,0201,0336,0201,0336,0201,0335,0337,0337,0201,0201,0201,0201,0335,0201,0201,0201,0336,0201,0336,0201,0330,0330,0201,0337,0336,0201,0336,0201,0335,0337,0337,0337,0201,0201,0201,0201,0201,0201,0201,0201,0334,0201,0336,0201,0335,0337,0337,0333,0333,0333,0331,0331,0331,0336,0336,0333,0336,0336,0332,0331,0331,0334,0333,0337,0337,0337,0201,0336,0201,0336,0201,0335,0333,0333,0333,0333,0337,0337,0201,0336,0336,0336,0336,0201,0334,0337,0337,0337,0337,0201,0335,0336,0336,0337,0337,0335,0306,0350,0334,0336,0362,0203,0335,0335,0335,0335,0203,0335,0335,0335,0335,0203,0363,0334,0304,0335,0335,0330,0330,0330,0334,0333,0336,0332,0331,0334,0337,0306,0362,0336,0310,0337,0313,0362,0203,0335,0335,0203,0203,0335,0335,0203,0203,0335,0335,0203,0363,0304,0335,0304,0330,0330,0334,0336,0201,0306,0334,0342,0335,0331,0335,0335,0335,0201,0334,0342,0335,0304,0334,0332,0330,0330,0330,0336,0330,0337,0337,0201,0201,0201,0201,0201,0201,0201,0201,0201,0201,0201,0335,0201,0201,0201,0201,0201,0201,0201,0201,0201,0201,0331,0331,0331,0331,0331,0340,0337,0337,0335,0201,0201,0201,0201,0201,0201,0201,0334,0342,0332,0332,0336,0332,0336,0333,0337,0337,0201,0336,0336,0342,0331,0331,0331,0331,0340,0332,0332,0332,0332,0332,0332,0332,0332,0332,0332,0332,0336,0333,0340,0337,0337,0337,0331,0331,0331,0331,0331,0336,0336,0330,0340,0334,0334,0337,0337,0342,0332,0332,0332,0336,0336,0333,0333,0337,0337,0342,0340,0335,0332,0337,0337,0201,0336,0201,0336,0336,0201,0335,0337,0337,0201,0201,0201,0336,0201,0335,0201,0201,0201,0201,0201,0201,0201,0201,0201,0201,0336,0201,0335,0337,0337,0201,0201,0201,0336,0201,0335,0201,0201,0201,0201,0330,0330,0330,0330,0336,0336,0330,0334,0337,0337,0201,0336,0201,0336,0201,0335,0337,0201,0336,0201,0335,0337,0337,0201,0336,0201,0336,0201,0335,0331,0331,0330,0330,0330,0337,0337,0337,0330,0335,0336,0201,0336,0201,0336,0201,0334,0337,0201,0336,0201,0334,0337,0201,0201,0201,0336,0201,0335,0337,0337,0201,0336,0331,0330,0330,0330,0336,0331,0337,0335,0337,0201,0336,0201,0336,0201,0334,0337,0201,0336,0201,0334,0337,0337,0201,0336,0201,0336,0201,0335,0337,0201,0201,0201,0335,0201,0201,0201,0336,0201,0334,0337,0201,0336,0201,0334,0337,0337,0201,0336,0201,0336,0201,0334,0337,0337,0337,0333,0333,0333,0333,0336,0332,0335,0201,0336,0201,0334,0201,0336,0201,0334,0337,0337,0201,0336,0201,0335,0330,0330,0330,0335,0201,0201,0201,0334,0201,0336,0201,0334,0337,0201,0201,0201,0335,0330,0330,0330,0330,0335,0336,0336,0333,0337,0337,0337,0201,0336,0201,0334,0201,0336,0336,0201,0334,0337,0337,0201,0201,0201,0335,0330,0330,0330,0335,0201,0201,0201,0334,0201,0336,0201,0334,0201,0201,0201,0201,0201,0201,0335,0337,0337,0332,0332,0332,0332,0332,0332,0332,0332,0332,0332,0331,01123,0331,0331,0332,0336,0336,0333,0337,0337,01123,0331,0331,0331,0336,0336,0330,0330,0332,0332,0332,0337,0337,01123,0331,0331,0331,0336,0336,0330,0330,0330,0332,0332,0332,0337,0337,01107,0337,0330,0333,0333,0333,0333,0333,0330,0330,0336,0330,0333,01104,0331,0331,0331,0332,0336,0336,0330,0330,0333,0337,0337,01104,0331,0331,0332,0336,0336,0331,0331,0333,0337,0337,01104,0331,0331,0332,0336,0336,0333,0337,0337,01104,0330,0330,0337,0330,0330,0330,0332,0332,0332,0332,0332,0336,0336,0333,0331,0336,0337,0330,0336,0337,01061,0331,0331,0331,0331,0331,0336,0332,0337,01062,0331,0331,0331,0331,0331,0336,0332,0332,0337,01063,0331,0331,0331,0331,0331,01064,0333,0333,0333,0333,0333,0333,0333,0333,0333,0333,0333,01065,0330,0330,0330,0330,0330,0332,01066,0330,0330,0330,0330,0330,0336,0331,0332,0337,01067,0330,0330,0330,0330,0330,0332,01070,0331,0331,0331,0331,0331,0332,0336,0332,0336,0333,0331,0337,0337,0335,0337,0201,0336,0336,0201,0334,0337,0337,0337,0337,0300,0330,",
        "w": 1366,
        "h": 672,
        "x0": 683,
        "y0": 336,
        "x0rel": 0,
        "y0rel": 0,
        "unit": 100,
        "imgurl": "",
        "imgw": 2,
        "imgleft": -1,
        "imgtop": -1
    },
    {
        "shapes": [
            "0242:0322,0336,0336,0336,0330,0337,0310,0336,0341,0313,0336,0332,0331,0336,0331,0336,0330,0337,0337,0201,0201,0336,0201,0336,0201,0337,0331,0331,0331,0331,0331,0334,0201,0201,0201,0336,0201,0334,0337,0337,0201,0201,0201,0201,0335,0201,0201,0336,0201,0335,0337,0337,0333,0333,0330,0336,0333,0330,0336,0330,0336,0332,0337,0337,0336,0201,0336,0201,0330,0330,0337,0201,0336,0336,0201,0337,0330,0330,0337,0201,0336,0201,0335,0333,0333,0337,0337,0201,0336,0201,0336,0201,0335,0337,0337,0201,0201,0201,0201,0335,0201,0201,0201,0336,0201,0336,0201,0330,0330,0201,0337,0336,0201,0336,0201,0335,0337,0337,0337,0201,0201,0201,0201,0201,0201,0201,0201,0334,0201,0336,0201,0335,0337,0337,0333,0333,0333,0331,0331,0331,0336,0336,0333,0336,0336,0332,0331,0331,0334,0333,0337,0337,0337,0201,0336,0201,0336,0201,0335,0333,0333,0333,0333,0337,0337,0201,0336,0336,0336,0336,0201,0334,0337,0337,0337,0337,0201,0335,0336,0336,0337,0337,0335,0306,0350,0334,0336,0362,0203,0335,0335,0335,0335,0203,0335,0335,0335,0335,0203,0363,0334,0304,0335,0335,0330,0330,0330,0334,0333,0336,0332,0331,0334,0337,0306,0362,0336,0310,0337,0313,0362,0203,0335,0335,0203,0203,0335,0335,0203,0203,0335,0335,0203,0363,0304,0335,0304,0330,0330,0334,0336,0201,0306,0334,0342,0335,0331,0335,0335,0335,0201,0334,0342,0335,0304,0334,0332,0330,0330,0330,0336,0330,0337,0337,0201,0201,0201,0201,0201,0201,0201,0201,0201,0201,0201,0335,0201,0201,0201,0201,0201,0201,0201,0201,0201,0201,0331,0331,0331,0331,0331,0340,0337,0337,0335,0201,0201,0201,0201,0201,0201,0201,0334,0342,0332,0332,0336,0332,0336,0333,0337,0337,0201,0336,0336,0342,0331,0331,0331,0331,0340,0332,0332,0332,0332,0332,0332,0332,0332,0332,0332,0332,0336,0333,0340,0337,0337,0337,0331,0331,0331,0331,0331,0336,0336,0330,0340,0334,0334,0337,0337,0342,0332,0332,0332,0336,0336,0333,0333,0337,0337,0342,0340,0335,0332,0337,0337,0201,0336,0201,0336,0336,0201,0335,0337,0337,0201,0201,0201,0336,0201,0335,0201,0201,0201,0201,0201,0201,0201,0201,0201,0201,0336,0201,0335,0337,0337,0201,0201,0201,0336,0201,0335,0201,0201,0201,0201,0330,0330,0330,0330,0336,0336,0330,0334,0337,0337,0201,0336,0201,0336,0201,0335,0337,0201,0336,0201,0335,0337,0337,0201,0336,0201,0336,0201,0335,0331,0331,0330,0330,0330,0337,0337,0337,0330,0335,0336,0201,0336,0201,0336,0201,0334,0337,0201,0336,0201,0334,0337,0201,0201,0201,0336,0201,0335,0337,0337,0201,0336,0331,0330,0330,0330,0336,0331,0337,0335,0337,0201,0336,0201,0336,0201,0334,0337,0201,0336,0201,0334,0337,0337,0201,0336,0201,0336,0201,0335,0337,0201,0201,0201,0335,0201,0201,0201,0336,0201,0334,0337,0201,0336,0201,0334,0337,0337,0201,0336,0201,0336,0201,0334,0337,0337,0337,0333,0333,0333,0333,0336,0332,0335,0201,0336,0201,0334,0201,0336,0201,0334,0337,0337,0201,0336,0201,0335,0330,0330,0330,0335,0201,0201,0201,0334,0201,0336,0201,0334,0337,0201,0201,0201,0335,0330,0330,0330,0330,0335,0336,0336,0333,0337,0337,0337,0201,0336,0201,0334,0201,0336,0336,0201,0334,0337,0337,0201,0201,0201,0335,0330,0330,0330,0335,0201,0201,0201,0334,0201,0336,0201,0334,0201,0201,0201,0201,0201,0201,0335,0337,0337,0332,0332,0332,0332,0332,0332,0332,0332,0332,0332,0331,01123,0331,0331,0332,0336,0336,0333,0337,0337,01123,0331,0331,0331,0336,0336,0330,0330,0332,0332,0332,0337,0337,01123,0331,0331,0331,0336,0336,0330,0330,0330,0332,0332,0332,0337,0337,01107,0337,0330,0333,0333,0333,0333,0333,0330,0330,0336,0330,0333,01104,0331,0331,0331,0332,0336,0336,0330,0330,0333,0337,0337,01104,0331,0331,0332,0336,0336,0331,0331,0333,0337,0337,01104,0331,0331,0332,0336,0336,0333,0337,0337,01104,0330,0330,0337,0330,0330,0330,0332,0332,0332,0332,0332,0336,0336,0333,0331,0336,0337,0330,0336,0337,01061,0331,0331,0331,0331,0331,0336,0332,0337,01062,0331,0331,0331,0331,0331,0336,0332,0332,0337,01063,0331,0331,0331,0331,0331,01064,0333,0333,0333,0333,0333,0333,0333,0333,0333,0333,0333,01065,0330,0330,0330,0330,0330,0332,01066,0330,0330,0330,0330,0330,0336,0331,0332,0337,01067,0330,0330,0330,0330,0330,0332,01070,0331,0331,0331,0331,0331,0332,0336,0332,0336,0333,0331,0337,0337,0335,0337,0201,0336,0336,0201,0334,0337,0337,0337,0337,",
            "0243:0336,0336,0336,",
            "0244:0316,0336,0313,0336,0336,0334,0336,0362,0203,0335,0203,0203,0203,0203,0203,0335,0203,0203,0335,0203,0203,0203,0203,0203,0335,0203,0363,0335,0333,0333,0333,0333,0337,0337,0337,0316,0337,",
            "0245:0244,0244,0244,0336,0336,0337,0337,0244,0336,0336,0330,0330,0330,0330,0330,0334,0334,0331,0331,0331,0331,0331,0331,0331,0333,0333,0336,0336,0333,0333,0333,0333,0333,0333,0333,0333,0333,0333,0333,0333,0333,0333,0333,0337,0337,0337,0337,0342,0244,0244,0244,0244,0335,0335,0331,0336,0330,0330,0313,0330,0336,0331,0337,0337,0337,0336,0336,0336,0333,0337,0316,0337,0313,",
            "0246:0245,0330,0245,0332,0332,",
            "0250:0244,0244,0244,0336,0336,0337,0337,0244,0336,0336,0330,0330,0330,0330,0330,0334,0334,0331,0331,0331,0331,0331,0331,0331,0333,0333,0336,0336,0333,0333,0333,0333,0333,0333,0333,0333,0333,0333,0333,0333,0333,0333,0333,0337,0337,0337,0337,0244,0244,0244,0244,0335,0335,0331,0336,0330,0330,0313,0330,0336,0331,0337,0337,0337,0336,0336,0336,0333,0337,0316,0337,0313,",
            "0600:074,0141,040,0150,0162,0145,0146,040,075,040,042,0150,0164,0164,0160,0163,072,057,057,0167,0167,0167,056,0163,0160,0141,0162,0153,0146,0165,0156,056,0143,0157,0155,057,0144,0141,0164,0141,0163,0150,0145,0145,0164,0163,057,0122,0157,0142,0157,0164,0151,0143,0163,057,0151,0162,0146,067,070,066,062,0160,0142,0146,056,0160,0144,0146,042,076,0151,0162,0146,067,070,066,062,0160,0142,0146,056,0160,0144,0146,074,057,0141,076,040,",
            "0601:074,0141,040,0150,0162,0145,0146,040,075,040,042,0150,0164,0164,0160,0163,072,057,057,0167,0167,0167,056,0144,0151,0147,0151,0153,0145,0171,056,0143,0157,0155,057,0160,0162,0157,0144,0165,0143,0164,055,0144,0145,0164,0141,0151,0154,057,0145,0156,057,0151,0156,0146,0151,0156,0145,0157,0156,055,0164,0145,0143,0150,0156,0157,0154,0157,0147,0151,0145,0163,057,0111,0122,0106,067,070,066,062,0124,0122,0120,0102,0106,057,0111,0122,0106,067,070,066,062,0124,0122,0120,0102,0106,0103,0124,055,0116,0104,057,061,071,062,065,071,061,070,042,076,0142,0165,0171,040,0157,0156,040,0144,0151,0147,0151,0153,0145,0171,074,057,0141,076,040,",
            "0602:074,0160,040,0163,0164,0171,0154,0145,040,075,040,042,0146,0157,0156,0164,055,0163,0151,0172,0145,072,061,070,0160,0170,073,0167,0151,0144,0164,0150,072,062,060,060,0160,0170,042,076,012,0116,040,0103,0150,0141,0156,0156,0145,0154,040,0115,0117,0123,0106,0105,0124,054,040,074,0142,0162,076,070,055,0123,0117,0111,0103,074,0142,0162,076,012,0115,0141,0170,040,0126,072,063,060,0126,074,0142,0162,076,012,0115,0141,0170,040,0111,072,062,060,0101,012,074,057,0160,076,",
            "0603:074,0151,0155,0147,040,0163,0162,0143,040,075,040,042,0150,0164,0164,0160,0163,072,057,057,0151,056,0151,0155,0147,0165,0162,056,0143,0157,0155,057,0117,071,0104,0123,0130,0151,0103,056,0160,0156,0147,042,040,0163,0164,0171,0154,0145,040,075,040,042,0172,055,0151,0156,0144,0145,0170,072,055,062,042,076,040,040,"
        ],
        "glyph": "0244,0244,0244,0336,0336,0337,0337,0244,0336,0336,0330,0330,0330,0330,0330,0334,0334,0331,0331,0331,0331,0331,0331,0331,0333,0333,0336,0336,0333,0333,0333,0333,0333,0333,0333,0333,0333,0333,0333,0333,0333,0333,0333,0337,0337,0337,0337,0244,0244,0244,0244,0335,0335,0331,0336,0330,0330,0313,0330,0336,0331,0337,0337,0337,0336,0336,0336,0333,0337,0316,0337,0313,",
        "w": 1366,
        "h": 672,
        "x0": 683,
        "y0": 382.7033054333349,
        "x0rel": 0,
        "y0rel": 0.12298440000000023,
        "unit": 379.74983358324147,
        "imgurl": "https://i.imgur.com/T5dj14B.png",
        "imgw": 1.06,
        "imgleft": -0.446,
        "imgtop": -0.77
    },
    {
        "shapes": [
            "0242:0322,0336,0336,0336,0330,0337,0310,0336,0341,0313,0336,0332,0331,0336,0331,0336,0330,0337,0337,0201,0201,0336,0201,0336,0201,0337,0331,0331,0331,0331,0331,0334,0201,0201,0201,0336,0201,0334,0337,0337,0201,0201,0201,0201,0335,0201,0201,0336,0201,0335,0337,0337,0333,0333,0330,0336,0333,0330,0336,0330,0336,0332,0337,0337,0336,0201,0336,0201,0330,0330,0337,0201,0336,0336,0201,0337,0330,0330,0337,0201,0336,0201,0335,0333,0333,0337,0337,0201,0336,0201,0336,0201,0335,0337,0337,0201,0201,0201,0201,0335,0201,0201,0201,0336,0201,0336,0201,0330,0330,0201,0337,0336,0201,0336,0201,0335,0337,0337,0337,0201,0201,0201,0201,0201,0201,0201,0201,0334,0201,0336,0201,0335,0337,0337,0333,0333,0333,0331,0331,0331,0336,0336,0333,0336,0336,0332,0331,0331,0334,0333,0337,0337,0337,0201,0336,0201,0336,0201,0335,0333,0333,0333,0333,0337,0337,0201,0336,0336,0336,0336,0201,0334,0337,0337,0337,0337,0201,0335,0336,0336,0337,0337,0335,0306,0350,0334,0336,0362,0203,0335,0335,0335,0335,0203,0335,0335,0335,0335,0203,0363,0334,0304,0335,0335,0330,0330,0330,0334,0333,0336,0332,0331,0334,0337,0306,0362,0336,0310,0337,0313,0362,0203,0335,0335,0203,0203,0335,0335,0203,0203,0335,0335,0203,0363,0304,0335,0304,0330,0330,0334,0336,0201,0306,0334,0342,0335,0331,0335,0335,0335,0201,0334,0342,0335,0304,0334,0332,0330,0330,0330,0336,0330,0337,0337,0201,0201,0201,0201,0201,0201,0201,0201,0201,0201,0201,0335,0201,0201,0201,0201,0201,0201,0201,0201,0201,0201,0331,0331,0331,0331,0331,0340,0337,0337,0335,0201,0201,0201,0201,0201,0201,0201,0334,0342,0332,0332,0336,0332,0336,0333,0337,0337,0201,0336,0336,0342,0331,0331,0331,0331,0340,0332,0332,0332,0332,0332,0332,0332,0332,0332,0332,0332,0336,0333,0340,0337,0337,0337,0331,0331,0331,0331,0331,0336,0336,0330,0340,0334,0334,0337,0337,0342,0332,0332,0332,0336,0336,0333,0333,0337,0337,0342,0340,0335,0332,0337,0337,0201,0336,0201,0336,0336,0201,0335,0337,0337,0201,0201,0201,0336,0201,0335,0201,0201,0201,0201,0201,0201,0201,0201,0201,0201,0336,0201,0335,0337,0337,0201,0201,0201,0336,0201,0335,0201,0201,0201,0201,0330,0330,0330,0330,0336,0336,0330,0334,0337,0337,0201,0336,0201,0336,0201,0335,0337,0201,0336,0201,0335,0337,0337,0201,0336,0201,0336,0201,0335,0331,0331,0330,0330,0330,0337,0337,0337,0330,0335,0336,0201,0336,0201,0336,0201,0334,0337,0201,0336,0201,0334,0337,0201,0201,0201,0336,0201,0335,0337,0337,0201,0336,0331,0330,0330,0330,0336,0331,0337,0335,0337,0201,0336,0201,0336,0201,0334,0337,0201,0336,0201,0334,0337,0337,0201,0336,0201,0336,0201,0335,0337,0201,0201,0201,0335,0201,0201,0201,0336,0201,0334,0337,0201,0336,0201,0334,0337,0337,0201,0336,0201,0336,0201,0334,0337,0337,0337,0333,0333,0333,0333,0336,0332,0335,0201,0336,0201,0334,0201,0336,0201,0334,0337,0337,0201,0336,0201,0335,0330,0330,0330,0335,0201,0201,0201,0334,0201,0336,0201,0334,0337,0201,0201,0201,0335,0330,0330,0330,0330,0335,0336,0336,0333,0337,0337,0337,0201,0336,0201,0334,0201,0336,0336,0201,0334,0337,0337,0201,0201,0201,0335,0330,0330,0330,0335,0201,0201,0201,0334,0201,0336,0201,0334,0201,0201,0201,0201,0201,0201,0335,0337,0337,0332,0332,0332,0332,0332,0332,0332,0332,0332,0332,0331,01123,0331,0331,0332,0336,0336,0333,0337,0337,01123,0331,0331,0331,0336,0336,0330,0330,0332,0332,0332,0337,0337,01123,0331,0331,0331,0336,0336,0330,0330,0330,0332,0332,0332,0337,0337,01107,0337,0330,0333,0333,0333,0333,0333,0330,0330,0336,0330,0333,01104,0331,0331,0331,0332,0336,0336,0330,0330,0333,0337,0337,01104,0331,0331,0332,0336,0336,0331,0331,0333,0337,0337,01104,0331,0331,0332,0336,0336,0333,0337,0337,01104,0330,0330,0337,0330,0330,0330,0332,0332,0332,0332,0332,0336,0336,0333,0331,0336,0337,0330,0336,0337,01061,0331,0331,0331,0331,0331,0336,0332,0337,01062,0331,0331,0331,0331,0331,0336,0332,0332,0337,01063,0331,0331,0331,0331,0331,01064,0333,0333,0333,0333,0333,0333,0333,0333,0333,0333,0333,01065,0330,0330,0330,0330,0330,0332,01066,0330,0330,0330,0330,0330,0336,0331,0332,0337,01067,0330,0330,0330,0330,0330,0332,01070,0331,0331,0331,0331,0331,0332,0336,0332,0336,0333,0331,0337,0337,0335,0337,0201,0336,0336,0201,0334,0337,0337,0337,0337,",
            "0243:0336,0336,0336,",
            "0244:0316,0336,0313,0336,0336,0334,0336,0362,0203,0335,0203,0203,0203,0203,0203,0335,0203,0203,0335,0203,0203,0203,0203,0203,0335,0203,0363,0335,0333,0333,0333,0333,0337,0337,0337,0316,0337,",
            "0245:0244,0244,0244,0336,0336,0337,0337,0244,0336,0336,0330,0330,0330,0330,0330,0334,0334,0331,0331,0331,0331,0331,0331,0331,0333,0333,0336,0336,0333,0333,0333,0333,0333,0333,0333,0333,0333,0333,0333,0333,0333,0333,0333,0337,0337,0337,0337,0244,0244,0244,0244,0335,0335,0331,0336,0330,0330,0313,0330,0336,0331,0337,0337,0337,0336,0336,0336,0333,0337,0316,0337,0313,",
            "0246:0245,0330,0245,0332,0332,",
            "0250:0245,0330,0245,0332,0332,",
            "0600:074,0141,040,0150,0162,0145,0146,040,075,040,042,0150,0164,0164,0160,0163,072,057,057,0167,0167,0167,056,0163,0160,0141,0162,0153,0146,0165,0156,056,0143,0157,0155,057,0144,0141,0164,0141,0163,0150,0145,0145,0164,0163,057,0122,0157,0142,0157,0164,0151,0143,0163,057,0151,0162,0146,067,070,066,062,0160,0142,0146,056,0160,0144,0146,042,076,0151,0162,0146,067,070,066,062,0160,0142,0146,056,0160,0144,0146,074,057,0141,076,040,",
            "0601:074,0141,040,0150,0162,0145,0146,040,075,040,042,0150,0164,0164,0160,0163,072,057,057,0167,0167,0167,056,0144,0151,0147,0151,0153,0145,0171,056,0143,0157,0155,057,0160,0162,0157,0144,0165,0143,0164,055,0144,0145,0164,0141,0151,0154,057,0145,0156,057,0151,0156,0146,0151,0156,0145,0157,0156,055,0164,0145,0143,0150,0156,0157,0154,0157,0147,0151,0145,0163,057,0111,0122,0106,067,070,066,062,0124,0122,0120,0102,0106,057,0111,0122,0106,067,070,066,062,0124,0122,0120,0102,0106,0103,0124,055,0116,0104,057,061,071,062,065,071,061,070,042,076,0142,0165,0171,040,0157,0156,040,0144,0151,0147,0151,0153,0145,0171,074,057,0141,076,040,",
            "0602:074,0160,040,0163,0164,0171,0154,0145,040,075,040,042,0146,0157,0156,0164,055,0163,0151,0172,0145,072,061,070,0160,0170,073,0167,0151,0144,0164,0150,072,062,060,060,0160,0170,042,076,012,0116,040,0103,0150,0141,0156,0156,0145,0154,040,0115,0117,0123,0106,0105,0124,054,040,074,0142,0162,076,070,055,0123,0117,0111,0103,074,0142,0162,076,012,0115,0141,0170,040,0126,072,063,060,0126,074,0142,0162,076,012,0115,0141,0170,040,0111,072,062,060,0101,012,074,057,0160,076,",
            "0603:074,0151,0155,0147,040,0163,0162,0143,040,075,040,042,0150,0164,0164,0160,0163,072,057,057,0151,056,0151,0155,0147,0165,0162,056,0143,0157,0155,057,0117,071,0104,0123,0130,0151,0103,056,0160,0156,0147,042,040,0163,0164,0171,0154,0145,040,075,040,042,0172,055,0151,0156,0144,0145,0170,072,055,062,042,076,040,040,"
        ],
        "glyph": "0245,0330,0245,0332,0332,",
        "w": 1366,
        "h": 672,
        "x0": 683,
        "y0": 336,
        "x0rel": 0,
        "y0rel": 0,
        "unit": 100,
        "imgurl": "",
        "imgw": 2,
        "imgleft": -1,
        "imgtop": -1
    },
    {
        "shapes": [
            "0241:0341,0331,0332,0336,0336,0332,0331,0332,0332,0335,0337,0201,0336,0201,0334,0201,0201,0201,0335,0201,0201,0334,0331,0201,0201,0201,0201,0201,0342,0330,0335,0335,0332,0201,0336,0201,0330,0330,0201,0337,0201,0336,0330,0337,0201,0336,0201,0335,0335,0330,0336,0330,0337,0335,0201,0201,0201,0334,0201,0201,0201,0201,0334,0201,0201,0201,0335,0335,0306,0350,0334,0306,0337,0362,0203,0335,0335,0203,0335,0335,0203,0363,0335,0335,0350,0335,0304,0330,0336,0330,0334,0331,0331,0331,0331,0335,0201,0201,0201,0334,0337,0201,0201,0201,0201,0336,0336,0201,0201,0334,0337,0337,0337,0201,0336,0201,0331,0331,0331,0335,0331,0331,0334,0336,0306,0362,0203,0335,0335,0337,0203,0335,0335,0203,0335,0335,0336,0203,0363,0304,0335,0337,0330,0334,0336,0201,0306,0334,0342,0335,0331,0335,0335,0335,0201,0334,0342,0335,0331,0304,0334,0337,0330,0201,0201,0201,0201,0336,0336,0330,0341,0337,0337,0331,0331,0331,0331,0331,0331,0331,0331,0334,0335,0331,0336,0336,0330,0334,0334,0337,0201,0201,0201,0201,0335,0337,0201,0201,0201,0201,0201,0336,0201,0330,0330,0201,0335,0201,0201,0201,0201,0201,0201,0201,0201,0201,0201,0201,0201,0201,0201,0201,0201,0201,0201,0201,0201,0334,0201,0201,0201,0336,0330,0341,0335,0337,0337,0331,0331,0331,0331,0331,0331,0331,0331,0331,0331,0331,0336,0330,0336,0331,0334,0337,0330,0336,0330,0341,0335,0337,0337,0333,0333,0331,",
            "0242:0322,0336,0336,0336,0330,0337,0310,0336,0341,0313,0336,0332,0331,0336,0331,0336,0330,0337,0337,0201,0201,0336,0201,0336,0201,0337,0331,0331,0331,0331,0331,0334,0201,0201,0201,0336,0201,0334,0337,0337,0201,0201,0201,0201,0335,0201,0201,0336,0201,0335,0337,0337,0333,0333,0330,0336,0333,0330,0336,0330,0336,0332,0337,0337,0336,0201,0336,0201,0330,0330,0337,0201,0336,0336,0201,0337,0330,0330,0337,0201,0336,0201,0335,0333,0333,0337,0337,0201,0336,0201,0336,0201,0335,0337,0337,0201,0201,0201,0201,0335,0201,0201,0201,0336,0201,0336,0201,0330,0330,0201,0337,0336,0201,0336,0201,0335,0337,0337,0337,0201,0201,0201,0201,0201,0201,0201,0201,0334,0201,0336,0201,0335,0337,0337,0333,0333,0333,0331,0331,0331,0336,0336,0333,0336,0336,0332,0331,0331,0334,0333,0337,0337,0337,0201,0336,0201,0336,0201,0335,0333,0333,0333,0333,0337,0337,0201,0336,0336,0336,0336,0201,0334,0337,0337,0337,0337,0201,0335,0336,0336,0337,0337,0335,0306,0350,0334,0336,0362,0203,0335,0335,0335,0335,0203,0335,0335,0335,0335,0203,0363,0334,0304,0335,0335,0330,0330,0330,0334,0333,0336,0332,0331,0334,0337,0306,0362,0336,0310,0337,0313,0362,0203,0335,0335,0203,0203,0335,0335,0203,0203,0335,0335,0203,0363,0304,0335,0304,0330,0330,0334,0336,0201,0306,0334,0342,0335,0331,0335,0335,0335,0201,0334,0342,0335,0304,0334,0332,0330,0330,0330,0336,0330,0337,0337,0201,0201,0201,0201,0201,0201,0201,0201,0201,0201,0201,0335,0201,0201,0201,0201,0201,0201,0201,0201,0201,0201,0331,0331,0331,0331,0331,0340,0337,0337,0335,0201,0201,0201,0201,0201,0201,0201,0334,0342,0332,0332,0336,0332,0336,0333,0337,0337,0201,0336,0336,0342,0331,0331,0331,0331,0340,0332,0332,0332,0332,0332,0332,0332,0332,0332,0332,0332,0336,0333,0340,0337,0337,0337,0331,0331,0331,0331,0331,0336,0336,0330,0340,0334,0334,0337,0337,0342,0332,0332,0332,0336,0336,0333,0333,0337,0337,0342,0340,0335,0332,0337,0337,0201,0336,0201,0336,0336,0201,0335,0337,0337,0201,0201,0201,0336,0201,0335,0201,0201,0201,0201,0201,0201,0201,0201,0201,0201,0336,0201,0335,0337,0337,0201,0201,0201,0336,0201,0335,0201,0201,0201,0201,0330,0330,0330,0330,0336,0336,0330,0334,0337,0337,0201,0336,0201,0336,0201,0335,0337,0201,0336,0201,0335,0337,0337,0201,0336,0201,0336,0201,0335,0331,0331,0330,0330,0330,0337,0337,0337,0330,0335,0336,0201,0336,0201,0336,0201,0334,0337,0201,0336,0201,0334,0337,0201,0201,0201,0336,0201,0335,0337,0337,0201,0336,0331,0330,0330,0330,0336,0331,0337,0335,0337,0201,0336,0201,0336,0201,0334,0337,0201,0336,0201,0334,0337,0337,0201,0336,0201,0336,0201,0335,0337,0201,0201,0201,0335,0201,0201,0201,0336,0201,0334,0337,0201,0336,0201,0334,0337,0337,0201,0336,0201,0336,0201,0334,0337,0337,0337,0333,0333,0333,0333,0336,0332,0335,0201,0336,0201,0334,0201,0336,0201,0334,0337,0337,0201,0336,0201,0335,0330,0330,0330,0335,0201,0201,0201,0334,0201,0336,0201,0334,0337,0201,0201,0201,0335,0330,0330,0330,0330,0335,0336,0336,0333,0337,0337,0337,0201,0336,0201,0334,0201,0336,0336,0201,0334,0337,0337,0201,0201,0201,0335,0330,0330,0330,0335,0201,0201,0201,0334,0201,0336,0201,0334,0201,0201,0201,0201,0201,0201,0335,0337,0337,0332,0332,0332,0332,0332,0332,0332,0332,0332,0332,0331,01123,0331,0331,0332,0336,0336,0333,0337,0337,01123,0331,0331,0331,0336,0336,0330,0330,0332,0332,0332,0337,0337,01123,0331,0331,0331,0336,0336,0330,0330,0330,0332,0332,0332,0337,0337,01107,0337,0330,0333,0333,0333,0333,0333,0330,0330,0336,0330,0333,01104,0331,0331,0331,0332,0336,0336,0330,0330,0333,0337,0337,01104,0331,0331,0332,0336,0336,0331,0331,0333,0337,0337,01104,0331,0331,0332,0336,0336,0333,0337,0337,01104,0330,0330,0337,0330,0330,0330,0332,0332,0332,0332,0332,0336,0336,0333,0331,0336,0337,0330,0336,0337,01061,0331,0331,0331,0331,0331,0336,0332,0337,01062,0331,0331,0331,0331,0331,0336,0332,0332,0337,01063,0331,0331,0331,0331,0331,01064,0333,0333,0333,0333,0333,0333,0333,0333,0333,0333,0333,01065,0330,0330,0330,0330,0330,0332,01066,0330,0330,0330,0330,0330,0336,0331,0332,0337,01067,0330,0330,0330,0330,0330,0332,01070,0331,0331,0331,0331,0331,0332,0336,0332,0336,0333,0331,0337,0337,0335,0337,0201,0336,0336,0201,0334,0337,0337,0337,0337,",
            "0243:0336,0336,0336,",
            "0244:0316,0336,0313,0336,0336,0334,0336,0362,0203,0335,0203,0203,0203,0203,0203,0335,0203,0203,0335,0203,0203,0203,0203,0203,0335,0203,0363,0335,0333,0333,0333,0333,0337,0337,0337,0316,0337,",
            "0245:0244,0244,0244,0336,0336,0337,0337,0244,0336,0336,0330,0330,0330,0330,0330,0334,0334,0331,0331,0331,0331,0331,0331,0331,0333,0333,0336,0336,0333,0333,0333,0333,0333,0333,0333,0333,0333,0333,0333,0333,0333,0333,0333,0337,0337,0337,0337,0244,0244,0244,0244,0335,0335,0331,0336,0330,0330,0313,0330,0336,0331,0337,0337,0337,0336,0336,0336,0333,0337,0316,0337,0313,",
            "0246:0245,0330,0245,0332,0332,",
            "0250:0336,0330,0332,0336,0336,0321,0336,0332,0341,0337,0337,0333,0333,0333,0333,0330,0330,0330,0330,0330,0330,0330,0336,0333,0336,0333,0330,0341,0337,0337,0320,0337,0337,0331,0331,0333,",
            "0600:074,0141,040,0150,0162,0145,0146,040,075,040,042,0150,0164,0164,0160,0163,072,057,057,0167,0167,0167,056,0163,0160,0141,0162,0153,0146,0165,0156,056,0143,0157,0155,057,0144,0141,0164,0141,0163,0150,0145,0145,0164,0163,057,0122,0157,0142,0157,0164,0151,0143,0163,057,0151,0162,0146,067,070,066,062,0160,0142,0146,056,0160,0144,0146,042,076,0151,0162,0146,067,070,066,062,0160,0142,0146,056,0160,0144,0146,074,057,0141,076,040,",
            "0601:074,0141,040,0150,0162,0145,0146,040,075,040,042,0150,0164,0164,0160,0163,072,057,057,0167,0167,0167,056,0144,0151,0147,0151,0153,0145,0171,056,0143,0157,0155,057,0160,0162,0157,0144,0165,0143,0164,055,0144,0145,0164,0141,0151,0154,057,0145,0156,057,0151,0156,0146,0151,0156,0145,0157,0156,055,0164,0145,0143,0150,0156,0157,0154,0157,0147,0151,0145,0163,057,0111,0122,0106,067,070,066,062,0124,0122,0120,0102,0106,057,0111,0122,0106,067,070,066,062,0124,0122,0120,0102,0106,0103,0124,055,0116,0104,057,061,071,062,065,071,061,070,042,076,0142,0165,0171,040,0157,0156,040,0144,0151,0147,0151,0153,0145,0171,074,057,0141,076,040,",
            "0602:074,0160,040,0163,0164,0171,0154,0145,040,075,040,042,0146,0157,0156,0164,055,0163,0151,0172,0145,072,061,070,0160,0170,073,0167,0151,0144,0164,0150,072,062,060,060,0160,0170,042,076,012,0116,040,0103,0150,0141,0156,0156,0145,0154,040,0115,0117,0123,0106,0105,0124,054,040,074,0142,0162,076,070,055,0123,0117,0111,0103,074,0142,0162,076,012,0115,0141,0170,040,0126,072,063,060,0126,074,0142,0162,076,012,0115,0141,0170,040,0111,072,062,060,0101,012,074,057,0160,076,",
            "0603:074,0151,0155,0147,040,0163,0162,0143,040,075,040,042,0150,0164,0164,0160,0163,072,057,057,0151,056,0151,0155,0147,0165,0162,056,0143,0157,0155,057,0117,071,0104,0123,0130,0151,0103,056,0160,0156,0147,042,040,0163,0164,0171,0154,0145,040,075,040,042,0172,055,0151,0156,0144,0145,0170,072,055,062,042,076,040,040,"
        ],
        "glyph": "0336,0330,0332,0336,0336,0321,0336,0332,0341,0337,0337,0333,0333,0333,0333,0330,0330,0330,0330,0330,0330,0330,0336,0333,0336,0333,0330,0341,0337,0337,0320,0337,0337,0331,0331,0333,",
        "w": 1366,
        "h": 672,
        "x0": 683,
        "y0": 336,
        "x0rel": 0,
        "y0rel": 0,
        "unit": 100,
        "imgurl": "https://i.imgur.com/sxOFLNg.jpg",
        "imgw": 6,
        "imgleft": -3,
        "imgtop": -4
    },
    {
        "shapes": [
            "0241:0341,0331,0332,0336,0336,0332,0331,0332,0332,0335,0337,0201,0336,0201,0334,0201,0201,0201,0335,0201,0201,0334,0331,0201,0201,0201,0201,0201,0342,0330,0335,0335,0332,0201,0336,0201,0330,0330,0201,0337,0201,0336,0330,0337,0201,0336,0201,0335,0335,0330,0336,0330,0337,0335,0201,0201,0201,0334,0201,0201,0201,0201,0334,0201,0201,0201,0335,0335,0306,0350,0334,0306,0337,0362,0203,0335,0335,0203,0335,0335,0203,0363,0335,0335,0350,0335,0304,0330,0336,0330,0334,0331,0331,0331,0331,0335,0201,0201,0201,0334,0337,0201,0201,0201,0201,0336,0336,0201,0201,0334,0337,0337,0337,0201,0336,0201,0331,0331,0331,0335,0331,0331,0334,0336,0306,0362,0203,0335,0335,0337,0203,0335,0335,0203,0335,0335,0336,0203,0363,0304,0335,0337,0330,0334,0336,0201,0306,0334,0342,0335,0331,0335,0335,0335,0201,0334,0342,0335,0331,0304,0334,0337,0330,0201,0201,0201,0201,0336,0336,0330,0341,0337,0337,0331,0331,0331,0331,0331,0331,0331,0331,0334,0335,0331,0336,0336,0330,0334,0334,0337,0201,0201,0201,0201,0335,0337,0201,0201,0201,0201,0201,0336,0201,0330,0330,0201,0335,0201,0201,0201,0201,0201,0201,0201,0201,0201,0201,0201,0201,0201,0201,0201,0201,0201,0201,0201,0201,0334,0201,0201,0201,0336,0330,0341,0335,0337,0337,0331,0331,0331,0331,0331,0331,0331,0331,0331,0331,0331,0336,0330,0336,0331,0334,0337,0330,0336,0330,0341,0335,0337,0337,0333,0333,0331,",
            "0242:0322,0336,0336,0336,0330,0337,0310,0336,0341,0313,0336,0332,0331,0336,0331,0336,0330,0337,0337,0201,0201,0336,0201,0336,0201,0337,0331,0331,0331,0331,0331,0334,0201,0201,0201,0336,0201,0334,0337,0337,0201,0201,0201,0201,0335,0201,0201,0336,0201,0335,0337,0337,0333,0333,0330,0336,0333,0330,0336,0330,0336,0332,0337,0337,0336,0201,0336,0201,0330,0330,0337,0201,0336,0336,0201,0337,0330,0330,0337,0201,0336,0201,0335,0333,0333,0337,0337,0201,0336,0201,0336,0201,0335,0337,0337,0201,0201,0201,0201,0335,0201,0201,0201,0336,0201,0336,0201,0330,0330,0201,0337,0336,0201,0336,0201,0335,0337,0337,0337,0201,0201,0201,0201,0201,0201,0201,0201,0334,0201,0336,0201,0335,0337,0337,0333,0333,0333,0331,0331,0331,0336,0336,0333,0336,0336,0332,0331,0331,0334,0333,0337,0337,0337,0201,0336,0201,0336,0201,0335,0333,0333,0333,0333,0337,0337,0201,0336,0336,0336,0336,0201,0334,0337,0337,0337,0337,0201,0335,0336,0336,0337,0337,0335,0306,0350,0334,0336,0362,0203,0335,0335,0335,0335,0203,0335,0335,0335,0335,0203,0363,0334,0304,0335,0335,0330,0330,0330,0334,0333,0336,0332,0331,0334,0337,0306,0362,0336,0310,0337,0313,0362,0203,0335,0335,0203,0203,0335,0335,0203,0203,0335,0335,0203,0363,0304,0335,0304,0330,0330,0334,0336,0201,0306,0334,0342,0335,0331,0335,0335,0335,0201,0334,0342,0335,0304,0334,0332,0330,0330,0330,0336,0330,0337,0337,0201,0201,0201,0201,0201,0201,0201,0201,0201,0201,0201,0335,0201,0201,0201,0201,0201,0201,0201,0201,0201,0201,0331,0331,0331,0331,0331,0340,0337,0337,0335,0201,0201,0201,0201,0201,0201,0201,0334,0342,0332,0332,0336,0332,0336,0333,0337,0337,0201,0336,0336,0342,0331,0331,0331,0331,0340,0332,0332,0332,0332,0332,0332,0332,0332,0332,0332,0332,0336,0333,0340,0337,0337,0337,0331,0331,0331,0331,0331,0336,0336,0330,0340,0334,0334,0337,0337,0342,0332,0332,0332,0336,0336,0333,0333,0337,0337,0342,0340,0335,0332,0337,0337,0201,0336,0201,0336,0336,0201,0335,0337,0337,0201,0201,0201,0336,0201,0335,0201,0201,0201,0201,0201,0201,0201,0201,0201,0201,0336,0201,0335,0337,0337,0201,0201,0201,0336,0201,0335,0201,0201,0201,0201,0330,0330,0330,0330,0336,0336,0330,0334,0337,0337,0201,0336,0201,0336,0201,0335,0337,0201,0336,0201,0335,0337,0337,0201,0336,0201,0336,0201,0335,0331,0331,0330,0330,0330,0337,0337,0337,0330,0335,0336,0201,0336,0201,0336,0201,0334,0337,0201,0336,0201,0334,0337,0201,0201,0201,0336,0201,0335,0337,0337,0201,0336,0331,0330,0330,0330,0336,0331,0337,0335,0337,0201,0336,0201,0336,0201,0334,0337,0201,0336,0201,0334,0337,0337,0201,0336,0201,0336,0201,0335,0337,0201,0201,0201,0335,0201,0201,0201,0336,0201,0334,0337,0201,0336,0201,0334,0337,0337,0201,0336,0201,0336,0201,0334,0337,0337,0337,0333,0333,0333,0333,0336,0332,0335,0201,0336,0201,0334,0201,0336,0201,0334,0337,0337,0201,0336,0201,0335,0330,0330,0330,0335,0201,0201,0201,0334,0201,0336,0201,0334,0337,0201,0201,0201,0335,0330,0330,0330,0330,0335,0336,0336,0333,0337,0337,0337,0201,0336,0201,0334,0201,0336,0336,0201,0334,0337,0337,0201,0201,0201,0335,0330,0330,0330,0335,0201,0201,0201,0334,0201,0336,0201,0334,0201,0201,0201,0201,0201,0201,0335,0337,0337,0332,0332,0332,0332,0332,0332,0332,0332,0332,0332,0331,01123,0331,0331,0332,0336,0336,0333,0337,0337,01123,0331,0331,0331,0336,0336,0330,0330,0332,0332,0332,0337,0337,01123,0331,0331,0331,0336,0336,0330,0330,0330,0332,0332,0332,0337,0337,01107,0337,0330,0333,0333,0333,0333,0333,0330,0330,0336,0330,0333,01104,0331,0331,0331,0332,0336,0336,0330,0330,0333,0337,0337,01104,0331,0331,0332,0336,0336,0331,0331,0333,0337,0337,01104,0331,0331,0332,0336,0336,0333,0337,0337,01104,0330,0330,0337,0330,0330,0330,0332,0332,0332,0332,0332,0336,0336,0333,0331,0336,0337,0330,0336,0337,01061,0331,0331,0331,0331,0331,0336,0332,0337,01062,0331,0331,0331,0331,0331,0336,0332,0332,0337,01063,0331,0331,0331,0331,0331,01064,0333,0333,0333,0333,0333,0333,0333,0333,0333,0333,0333,01065,0330,0330,0330,0330,0330,0332,01066,0330,0330,0330,0330,0330,0336,0331,0332,0337,01067,0330,0330,0330,0330,0330,0332,01070,0331,0331,0331,0331,0331,0332,0336,0332,0336,0333,0331,0337,0337,0335,0337,0201,0336,0336,0201,0334,0337,0337,0337,0337,",
            "0243:0336,0336,0336,",
            "0244:0316,0336,0313,0336,0336,0334,0336,0362,0203,0335,0203,0203,0203,0203,0203,0335,0203,0203,0335,0203,0203,0203,0203,0203,0335,0203,0363,0335,0333,0333,0333,0333,0337,0337,0337,0316,0337,",
            "0245:0244,0244,0244,0336,0336,0337,0337,0244,0336,0336,0330,0330,0330,0330,0330,0334,0334,0331,0331,0331,0331,0331,0331,0331,0333,0333,0336,0336,0333,0333,0333,0333,0333,0333,0333,0333,0333,0333,0333,0333,0333,0333,0333,0337,0337,0337,0337,0244,0244,0244,0244,0335,0335,0331,0336,0330,0330,0313,0330,0336,0331,0337,0337,0337,0336,0336,0336,0333,0337,0316,0337,0313,",
            "0246:0245,0330,0245,0332,0332,",
            "0250:0341,0331,0332,0336,0336,0332,0331,0332,0332,0335,0337,0201,0336,0201,0334,0201,0201,0201,0335,0201,0201,0334,0331,0201,0201,0201,0201,0201,0342,0330,0335,0335,0332,0201,0336,0201,0330,0330,0201,0337,0201,0336,0330,0337,0201,0336,0201,0335,0335,0330,0336,0330,0337,0335,0201,0201,0201,0334,0201,0201,0201,0201,0334,0201,0201,0201,0335,0335,0306,0350,0334,0306,0337,0362,0203,0335,0335,0203,0335,0335,0203,0363,0335,0335,0350,0335,0304,0330,0336,0330,0334,0331,0331,0331,0331,0335,0201,0201,0201,0334,0337,0201,0201,0201,0201,0336,0336,0201,0201,0334,0337,0337,0337,0201,0336,0201,0331,0331,0331,0335,0331,0331,0334,0336,0306,0362,0203,0335,0335,0337,0203,0335,0335,0203,0335,0335,0336,0203,0363,0304,0335,0337,0330,0334,0336,0201,0306,0334,0342,0335,0331,0335,0335,0335,0201,0334,0342,0335,0331,0304,0334,0337,0330,0201,0201,0201,0201,0336,0336,0330,0341,0337,0337,0331,0331,0331,0331,0331,0331,0331,0331,0334,0335,0331,0336,0336,0330,0334,0334,0337,0201,0201,0201,0201,0335,0337,0201,0201,0201,0201,0201,0336,0201,0330,0330,0201,0335,0201,0201,0201,0201,0201,0201,0201,0201,0201,0201,0201,0201,0201,0201,0201,0201,0201,0201,0201,0201,0334,0201,0201,0201,0336,0330,0341,0335,0337,0337,0331,0331,0331,0331,0331,0331,0331,0331,0331,0331,0331,0336,0330,0336,0331,0334,0337,0330,0336,0330,0341,0335,0337,0337,0333,0333,0331,",
            "0600:074,0141,040,0150,0162,0145,0146,040,075,040,042,0150,0164,0164,0160,0163,072,057,057,0167,0167,0167,056,0163,0160,0141,0162,0153,0146,0165,0156,056,0143,0157,0155,057,0144,0141,0164,0141,0163,0150,0145,0145,0164,0163,057,0122,0157,0142,0157,0164,0151,0143,0163,057,0151,0162,0146,067,070,066,062,0160,0142,0146,056,0160,0144,0146,042,076,0151,0162,0146,067,070,066,062,0160,0142,0146,056,0160,0144,0146,074,057,0141,076,040,",
            "0601:074,0141,040,0150,0162,0145,0146,040,075,040,042,0150,0164,0164,0160,0163,072,057,057,0167,0167,0167,056,0144,0151,0147,0151,0153,0145,0171,056,0143,0157,0155,057,0160,0162,0157,0144,0165,0143,0164,055,0144,0145,0164,0141,0151,0154,057,0145,0156,057,0151,0156,0146,0151,0156,0145,0157,0156,055,0164,0145,0143,0150,0156,0157,0154,0157,0147,0151,0145,0163,057,0111,0122,0106,067,070,066,062,0124,0122,0120,0102,0106,057,0111,0122,0106,067,070,066,062,0124,0122,0120,0102,0106,0103,0124,055,0116,0104,057,061,071,062,065,071,061,070,042,076,0142,0165,0171,040,0157,0156,040,0144,0151,0147,0151,0153,0145,0171,074,057,0141,076,040,",
            "0602:074,0160,040,0163,0164,0171,0154,0145,040,075,040,042,0146,0157,0156,0164,055,0163,0151,0172,0145,072,061,070,0160,0170,073,0167,0151,0144,0164,0150,072,062,060,060,0160,0170,042,076,012,0116,040,0103,0150,0141,0156,0156,0145,0154,040,0115,0117,0123,0106,0105,0124,054,040,074,0142,0162,076,070,055,0123,0117,0111,0103,074,0142,0162,076,012,0115,0141,0170,040,0126,072,063,060,0126,074,0142,0162,076,012,0115,0141,0170,040,0111,072,062,060,0101,012,074,057,0160,076,",
            "0603:074,0151,0155,0147,040,0163,0162,0143,040,075,040,042,0150,0164,0164,0160,0163,072,057,057,0151,056,0151,0155,0147,0165,0162,056,0143,0157,0155,057,0117,071,0104,0123,0130,0151,0103,056,0160,0156,0147,042,040,0163,0164,0171,0154,0145,040,075,040,042,0172,055,0151,0156,0144,0145,0170,072,055,062,042,076,040,040,"
        ],
        "glyph": "0341,0331,0332,0336,0336,0332,0331,0332,0332,0335,0337,0201,0336,0201,0334,0201,0201,0201,0335,0201,0201,0334,0331,0201,0201,0201,0201,0201,0342,0330,0335,0335,0332,0201,0336,0201,0330,0330,0201,0337,0201,0336,0330,0337,0201,0336,0201,0335,0335,0330,0336,0330,0337,0335,0201,0201,0201,0334,0201,0201,0201,0201,0334,0201,0201,0201,0335,0335,0306,0350,0334,0306,0337,0362,0203,0335,0335,0203,0335,0335,0203,0363,0335,0335,0350,0335,0304,0330,0336,0330,0334,0331,0331,0331,0331,0335,0201,0201,0201,0334,0337,0201,0201,0201,0201,0336,0336,0201,0201,0334,0337,0337,0337,0201,0336,0201,0331,0331,0331,0335,0331,0331,0334,0336,0306,0362,0203,0335,0335,0337,0203,0335,0335,0203,0335,0335,0336,0203,0363,0304,0335,0337,0330,0334,0336,0201,0306,0334,0342,0335,0331,0335,0335,0335,0201,0334,0342,0335,0331,0304,0334,0337,0330,0201,0201,0201,0201,0336,0336,0330,0341,0337,0337,0331,0331,0331,0331,0331,0331,0331,0331,0334,0335,0331,0336,0336,0330,0334,0334,0337,0201,0201,0201,0201,0335,0337,0201,0201,0201,0201,0201,0336,0201,0330,0330,0201,0335,0201,0201,0201,0201,0201,0201,0201,0201,0201,0201,0201,0201,0201,0201,0201,0201,0201,0201,0201,0201,0334,0201,0201,0201,0336,0330,0341,0335,0337,0337,0331,0331,0331,0331,0331,0331,0331,0331,0331,0331,0331,0336,0330,0336,0331,0334,0337,0330,0336,0330,0341,0335,0337,0337,0333,0333,0331,",
        "w": 1366,
        "h": 672,
        "x0": 683,
        "y0": 336,
        "x0rel": 0,
        "y0rel": 0,
        "unit": 100,
        "imgurl": "https://i.imgur.com/O9DSXiC.png",
        "imgw": 8,
        "imgleft": -4,
        "imgtop": -4
    },
    {
        "shapes": [
            "0241:0341,0331,0332,0336,0336,0332,0331,0332,0332,0335,0337,0201,0336,0201,0334,0201,0201,0201,0335,0201,0201,0334,0331,0201,0201,0201,0201,0201,0342,0330,0335,0335,0332,0201,0336,0201,0330,0330,0201,0337,0201,0336,0330,0337,0201,0336,0201,0335,0335,0330,0336,0330,0337,0335,0201,0201,0201,0334,0201,0201,0201,0201,0334,0201,0201,0201,0335,0335,0306,0350,0334,0306,0337,0362,0203,0335,0335,0203,0335,0335,0203,0363,0335,0335,0350,0335,0304,0330,0336,0330,0334,0331,0331,0331,0331,0335,0201,0201,0201,0334,0337,0201,0201,0201,0201,0336,0336,0201,0201,0334,0337,0337,0337,0201,0336,0201,0331,0331,0331,0335,0331,0331,0334,0336,0306,0362,0203,0335,0335,0337,0203,0335,0335,0203,0335,0335,0336,0203,0363,0304,0335,0337,0330,0334,0336,0201,0306,0334,0342,0335,0331,0335,0335,0335,0201,0334,0342,0335,0331,0304,0334,0337,0330,0201,0201,0201,0201,0336,0336,0330,0341,0337,0337,0331,0331,0331,0331,0331,0331,0331,0331,0334,0335,0331,0336,0336,0330,0334,0334,0337,0201,0201,0201,0201,0335,0337,0201,0201,0201,0201,0201,0336,0201,0330,0330,0201,0335,0201,0201,0201,0201,0201,0201,0201,0201,0201,0201,0201,0201,0201,0201,0201,0201,0201,0201,0201,0201,0334,0201,0201,0201,0336,0330,0341,0335,0337,0337,0331,0331,0331,0331,0331,0331,0331,0331,0331,0331,0331,0336,0330,0336,0331,0334,0337,0331,0330,0336,0336,0330,0330,0337,0330,0341,0335,0337,0337,0333,0333,0331,",
            "0242:0322,0336,0336,0336,0330,0337,0310,0336,0341,0313,0336,0332,0331,0336,0331,0336,0330,0337,0337,0201,0201,0336,0201,0336,0201,0337,0331,0331,0331,0331,0331,0334,0201,0201,0201,0336,0201,0334,0337,0337,0201,0201,0201,0201,0335,0201,0201,0336,0201,0335,0337,0337,0333,0333,0330,0336,0333,0330,0336,0330,0336,0332,0337,0337,0336,0201,0336,0201,0330,0330,0337,0201,0336,0336,0201,0337,0330,0330,0337,0201,0336,0201,0335,0333,0333,0337,0337,0201,0336,0201,0336,0201,0335,0337,0337,0201,0201,0201,0201,0335,0201,0201,0201,0336,0201,0336,0201,0330,0330,0201,0337,0336,0201,0336,0201,0335,0337,0337,0337,0201,0201,0201,0201,0201,0201,0201,0201,0334,0201,0336,0201,0335,0337,0337,0333,0333,0333,0331,0331,0331,0336,0336,0333,0336,0336,0332,0331,0331,0334,0333,0337,0337,0337,0201,0336,0201,0336,0201,0335,0333,0333,0333,0333,0337,0337,0201,0336,0336,0336,0336,0201,0334,0337,0337,0337,0337,0201,0335,0336,0336,0337,0337,0335,0306,0350,0334,0336,0362,0203,0335,0335,0335,0335,0203,0335,0335,0335,0335,0203,0363,0334,0304,0335,0335,0330,0330,0330,0334,0333,0336,0332,0331,0334,0337,0306,0362,0336,0310,0337,0313,0362,0203,0335,0335,0203,0203,0335,0335,0203,0203,0335,0335,0203,0363,0304,0335,0304,0330,0330,0334,0336,0201,0306,0334,0342,0335,0331,0335,0335,0335,0201,0334,0342,0335,0304,0334,0332,0330,0330,0330,0336,0330,0337,0337,0201,0201,0201,0201,0201,0201,0201,0201,0201,0201,0201,0335,0201,0201,0201,0201,0201,0201,0201,0201,0201,0201,0331,0331,0331,0331,0331,0340,0337,0337,0335,0201,0201,0201,0201,0201,0201,0201,0334,0342,0332,0332,0336,0332,0336,0333,0337,0337,0201,0336,0336,0342,0331,0331,0331,0331,0340,0332,0332,0332,0332,0332,0332,0332,0332,0332,0332,0332,0336,0333,0340,0337,0337,0337,0331,0331,0331,0331,0331,0336,0336,0330,0340,0334,0334,0337,0337,0342,0332,0332,0332,0336,0336,0333,0333,0337,0337,0342,0340,0335,0332,0337,0337,0201,0336,0201,0336,0336,0201,0335,0337,0337,0201,0201,0201,0336,0201,0335,0201,0201,0201,0201,0201,0201,0201,0201,0201,0201,0336,0201,0335,0337,0337,0201,0201,0201,0336,0201,0335,0201,0201,0201,0201,0330,0330,0330,0330,0336,0336,0330,0334,0337,0337,0201,0336,0201,0336,0201,0335,0337,0201,0336,0201,0335,0337,0337,0201,0336,0201,0336,0201,0335,0331,0331,0330,0330,0330,0337,0337,0337,0330,0335,0336,0201,0336,0201,0336,0201,0334,0337,0201,0336,0201,0334,0337,0201,0201,0201,0336,0201,0335,0337,0337,0201,0336,0331,0330,0330,0330,0336,0331,0337,0335,0337,0201,0336,0201,0336,0201,0334,0337,0201,0336,0201,0334,0337,0337,0201,0336,0201,0336,0201,0335,0337,0201,0201,0201,0335,0201,0201,0201,0336,0201,0334,0337,0201,0336,0201,0334,0337,0337,0201,0336,0201,0336,0201,0334,0337,0337,0337,0333,0333,0333,0333,0336,0332,0335,0201,0336,0201,0334,0201,0336,0201,0334,0337,0337,0201,0336,0201,0335,0330,0330,0330,0335,0201,0201,0201,0334,0201,0336,0201,0334,0337,0201,0201,0201,0335,0330,0330,0330,0330,0335,0336,0336,0333,0337,0337,0337,0201,0336,0201,0334,0201,0336,0336,0201,0334,0337,0337,0201,0201,0201,0335,0330,0330,0330,0335,0201,0201,0201,0334,0201,0336,0201,0334,0201,0201,0201,0201,0201,0201,0335,0337,0337,0332,0332,0332,0332,0332,0332,0332,0332,0332,0332,0331,01123,0331,0331,0332,0336,0336,0333,0337,0337,01123,0331,0331,0331,0336,0336,0330,0330,0332,0332,0332,0337,0337,01123,0331,0331,0331,0336,0336,0330,0330,0330,0332,0332,0332,0337,0337,01107,0337,0330,0333,0333,0333,0333,0333,0330,0330,0336,0330,0333,01104,0331,0331,0331,0332,0336,0336,0330,0330,0333,0337,0337,01104,0331,0331,0332,0336,0336,0331,0331,0333,0337,0337,01104,0331,0331,0332,0336,0336,0333,0337,0337,01104,0330,0330,0337,0330,0330,0330,0332,0332,0332,0332,0332,0336,0336,0333,0331,0336,0337,0330,0336,0337,01061,0331,0331,0331,0331,0331,0336,0332,0337,01062,0331,0331,0331,0331,0331,0336,0332,0332,0337,01063,0331,0331,0331,0331,0331,01064,0333,0333,0333,0333,0333,0333,0333,0333,0333,0333,0333,01065,0330,0330,0330,0330,0330,0332,01066,0330,0330,0330,0330,0330,0336,0331,0332,0337,01067,0330,0330,0330,0330,0330,0332,01070,0331,0331,0331,0331,0331,0332,0336,0332,0336,0333,0331,0337,0337,0335,0337,0201,0336,0336,0201,0334,0337,0337,0337,0337,",
            "0243:0336,0336,0336,",
            "0244:0316,0336,0313,0336,0336,0334,0336,0362,0203,0335,0203,0203,0203,0203,0203,0335,0203,0203,0335,0203,0203,0203,0203,0203,0335,0203,0363,0335,0333,0333,0333,0333,0337,0337,0337,0316,0337,",
            "0245:0244,0244,0244,0336,0336,0337,0337,0244,0336,0336,0330,0330,0330,0330,0330,0334,0334,0331,0331,0331,0331,0331,0331,0331,0333,0333,0336,0336,0333,0333,0333,0333,0333,0333,0333,0333,0333,0333,0333,0333,0333,0333,0333,0337,0337,0337,0337,0244,0244,0244,0244,0335,0335,0331,0336,0330,0330,0313,0330,0336,0331,0337,0337,0337,0336,0336,0336,0333,0337,0316,0337,0313,",
            "0246:0245,0330,0245,0332,0332,",
            "0250:0341,0331,0332,0336,0336,0332,0331,0332,0332,0335,0337,0201,0336,0201,0334,0201,0201,0201,0335,0201,0201,0334,0331,0201,0201,0201,0201,0201,0342,0330,0335,0335,0332,0201,0336,0201,0330,0330,0201,0337,0201,0336,0330,0337,0201,0336,0201,0335,0335,0330,0336,0330,0337,0335,0201,0201,0201,0334,0201,0201,0201,0201,0334,0201,0201,0201,0335,0335,0306,0350,0334,0306,0337,0362,0203,0335,0335,0203,0335,0335,0203,0363,0335,0335,0350,0335,0304,0330,0336,0330,0334,0331,0331,0331,0331,0335,0201,0201,0201,0334,0337,0201,0201,0201,0201,0336,0336,0201,0201,0334,0337,0337,0337,0201,0336,0201,0331,0331,0331,0335,0331,0331,0334,0336,0306,0362,0203,0335,0335,0337,0203,0335,0335,0203,0335,0335,0336,0203,0363,0304,0335,0337,0330,0334,0336,0201,0306,0334,0342,0335,0331,0335,0335,0335,0201,0334,0342,0335,0331,0304,0334,0337,0330,0201,0201,0201,0201,0336,0336,0330,0341,0337,0337,0331,0331,0331,0331,0331,0331,0331,0331,0334,0335,0331,0336,0336,0330,0334,0334,0337,0201,0201,0201,0201,0335,0337,0201,0201,0201,0201,0201,0336,0201,0330,0330,0201,0335,0201,0201,0201,0201,0201,0201,0201,0201,0201,0201,0201,0201,0201,0201,0201,0201,0201,0201,0201,0201,0334,0201,0201,0201,0336,0330,0341,0335,0337,0337,0331,0331,0331,0331,0331,0331,0331,0331,0331,0331,0331,0336,0330,0336,0331,0334,0337,0331,0330,0336,0336,0330,0330,0337,0330,0341,0335,0337,0337,0333,0333,0331,0330,0332,0332,0333,0333,0331,0333,0332,0332,0107,0365,0123,0330,0330,0330,0330,0330,0330,0330,0333,0331,0330,0330,0330,0330,0333,0336,0330,0332,0337,0330,0365,0333,0333,0333,0333,0333,0332,0332,0332,0332,0332,0332,0331,0333,0333,0333,0333,0333,0333,0333,0336,0330,0332,0337,0104,0365,0331,0331,0331,0331,0331,0332,0336,0336,0336,0333,0333,0337,0337,0337,0337,0337,",
            "0600:074,0141,040,0150,0162,0145,0146,040,075,040,042,0150,0164,0164,0160,0163,072,057,057,0167,0167,0167,056,0163,0160,0141,0162,0153,0146,0165,0156,056,0143,0157,0155,057,0144,0141,0164,0141,0163,0150,0145,0145,0164,0163,057,0122,0157,0142,0157,0164,0151,0143,0163,057,0151,0162,0146,067,070,066,062,0160,0142,0146,056,0160,0144,0146,042,076,0151,0162,0146,067,070,066,062,0160,0142,0146,056,0160,0144,0146,074,057,0141,076,040,",
            "0601:074,0141,040,0150,0162,0145,0146,040,075,040,042,0150,0164,0164,0160,0163,072,057,057,0167,0167,0167,056,0144,0151,0147,0151,0153,0145,0171,056,0143,0157,0155,057,0160,0162,0157,0144,0165,0143,0164,055,0144,0145,0164,0141,0151,0154,057,0145,0156,057,0151,0156,0146,0151,0156,0145,0157,0156,055,0164,0145,0143,0150,0156,0157,0154,0157,0147,0151,0145,0163,057,0111,0122,0106,067,070,066,062,0124,0122,0120,0102,0106,057,0111,0122,0106,067,070,066,062,0124,0122,0120,0102,0106,0103,0124,055,0116,0104,057,061,071,062,065,071,061,070,042,076,0142,0165,0171,040,0157,0156,040,0144,0151,0147,0151,0153,0145,0171,074,057,0141,076,040,",
            "0602:074,0160,040,0163,0164,0171,0154,0145,040,075,040,042,0146,0157,0156,0164,055,0163,0151,0172,0145,072,061,070,0160,0170,073,0167,0151,0144,0164,0150,072,062,060,060,0160,0170,042,076,012,0116,040,0103,0150,0141,0156,0156,0145,0154,040,0115,0117,0123,0106,0105,0124,054,040,074,0142,0162,076,070,055,0123,0117,0111,0103,074,0142,0162,076,012,0115,0141,0170,040,0126,072,063,060,0126,074,0142,0162,076,012,0115,0141,0170,040,0111,072,062,060,0101,012,074,057,0160,076,",
            "0603:074,0151,0155,0147,040,0163,0162,0143,040,075,040,042,0150,0164,0164,0160,0163,072,057,057,0151,056,0151,0155,0147,0165,0162,056,0143,0157,0155,057,0117,071,0104,0123,0130,0151,0103,056,0160,0156,0147,042,040,0163,0164,0171,0154,0145,040,075,040,042,0172,055,0151,0156,0144,0145,0170,072,055,062,042,076,040,040,"
        ],
        "glyph": "0341,0331,0332,0336,0336,0332,0331,0332,0332,0335,0337,0201,0336,0201,0334,0201,0201,0201,0335,0201,0201,0334,0331,0201,0201,0201,0201,0201,0342,0330,0335,0335,0332,0201,0336,0201,0330,0330,0201,0337,0201,0336,0330,0337,0201,0336,0201,0335,0335,0330,0336,0330,0337,0335,0201,0201,0201,0334,0201,0201,0201,0201,0334,0201,0201,0201,0335,0335,0306,0350,0334,0306,0337,0362,0203,0335,0335,0203,0335,0335,0203,0363,0335,0335,0350,0335,0304,0330,0336,0330,0334,0331,0331,0331,0331,0335,0201,0201,0201,0334,0337,0201,0201,0201,0201,0336,0336,0201,0201,0334,0337,0337,0337,0201,0336,0201,0331,0331,0331,0335,0331,0331,0334,0336,0306,0362,0203,0335,0335,0337,0203,0335,0335,0203,0335,0335,0336,0203,0363,0304,0335,0337,0330,0334,0336,0201,0306,0334,0342,0335,0331,0335,0335,0335,0201,0334,0342,0335,0331,0304,0334,0337,0330,0201,0201,0201,0201,0336,0336,0330,0341,0337,0337,0331,0331,0331,0331,0331,0331,0331,0331,0334,0335,0331,0336,0336,0330,0334,0334,0337,0201,0201,0201,0201,0335,0337,0201,0201,0201,0201,0201,0336,0201,0330,0330,0201,0335,0201,0201,0201,0201,0201,0201,0201,0201,0201,0201,0201,0201,0201,0201,0201,0201,0201,0201,0201,0201,0334,0201,0201,0201,0336,0330,0341,0335,0337,0337,0331,0331,0331,0331,0331,0331,0331,0331,0331,0331,0331,0336,0330,0336,0331,0334,0337,0331,0330,0336,0336,0330,0330,0337,0330,0341,0335,0337,0337,0333,0333,0331,0330,0332,0332,0333,0333,0331,0333,0332,0332,0107,0365,0123,0330,0330,0330,0330,0330,0330,0330,0333,0331,0330,0330,0330,0330,0333,0336,0330,0332,0337,0330,0365,0333,0333,0333,0333,0333,0332,0332,0332,0332,0332,0332,0331,0333,0333,0333,0333,0333,0333,0333,0336,0330,0332,0337,0104,0365,0331,0331,0331,0331,0331,0332,0336,0336,0336,0333,0333,0337,0337,0337,0337,0337,",
        "w": 1366,
        "h": 672,
        "x0": 683,
        "y0": 336,
        "x0rel": 0,
        "y0rel": 0,
        "unit": 46.650738020973314,
        "imgurl": "",
        "imgw": 2,
        "imgleft": -1,
        "imgtop": -1
    }
]