 	 0300:040,040,040,040,040,040,0170,040,075,040,0170,060,073,012,040,040,040,040,040,040,0171,040,075,040,0171,060,073,012,040,040,040,040,040,040,0164,0150,0145,0164,0141,040,075,040,0164,0150,0145,0164,0141,060,073,012,040,040,040,040,040,040,0163,0151,0144,0145,040,075,040,0165,0156,0151,0164,073,012,040,040,040,040,040,040,0164,0150,0145,0164,0141,0123,0164,0145,0160,040,075,040,0115,0141,0164,0150,056,0120,0111,057,062,073,012,040,040,040,040,040,040,0163,0143,0141,0154,0145,0106,0141,0143,0164,0157,0162,040,075,040,062,073,012,040,040,040,040,040,040,0143,0164,0170,056,0154,0151,0156,0145,0127,0151,0144,0164,0150,040,075,040,062,073,012,040,040,040,040,040,040,0143,0164,0170,056,0163,0164,0162,0157,0153,0145,0123,0164,0171,0154,0145,075,042,0142,0154,0141,0143,0153,042,073,012,040,040,040,040,040,040,0143,0164,0170,056,0146,0151,0154,0154,0123,0164,0171,0154,0145,075,042,0142,0154,0141,0143,0153,042,073,012,040,040,040,040,
0304:040,040,040,040,040,040,0164,0150,0145,0164,0141,0123,0164,0145,0160,040,075,040,0115,0141,0164,0150,056,0120,0111,057,062,073,012,040,040,040,040,
0305:040,040,040,040,040,040,0164,0150,0145,0164,0141,0123,0164,0145,0160,040,075,040,062,052,0115,0141,0164,0150,056,0120,0111,057,065,073,012,040,040,040,040,
0306:040,040,040,040,040,040,0164,0150,0145,0164,0141,0123,0164,0145,0160,040,075,040,0115,0141,0164,0150,056,0120,0111,057,063,073,012,040,040,040,040,
0310:040,040,040,040,040,040,040,0163,0143,0141,0154,0145,0106,0141,0143,0164,0157,0162,040,075,040,0115,0141,0164,0150,056,0163,0161,0162,0164,050,062,051,073,040,012,040,040,040,040,
0311:040,040,040,040,040,040,040,0163,0143,0141,0154,0145,0106,0141,0143,0164,0157,0162,040,075,040,0160,0150,0151,073,040,057,057,042,0147,0157,0154,0144,0145,0156,042,040,0162,0141,0164,0151,0157,040,012,040,040,040,040,
0312:040,040,040,040,040,040,040,0163,0143,0141,0154,0145,0106,0141,0143,0164,0157,0162,040,075,040,0115,0141,0164,0150,056,0163,0161,0162,0164,050,063,051,073,040,012,040,040,040,040,
0313:040,040,040,040,040,040,0163,0143,0141,0154,0145,0106,0141,0143,0164,0157,0162,040,075,040,062,073,040,040,057,057,062,0170,012,040,040,040,040,
0314:040,040,040,040,040,040,0163,0143,0141,0154,0145,0106,0141,0143,0164,0157,0162,040,075,040,063,073,040,040,057,057,063,0170,012,040,040,040,040,
0315:040,040,040,040,040,040,0163,0143,0141,0154,0145,0106,0141,0143,0164,0157,0162,040,075,040,063,056,061,064,061,065,071,073,040,040,057,057,0160,0151,052,012,040,040,040,040,
0316:040,040,040,040,040,040,0163,0143,0141,0154,0145,0106,0141,0143,0164,0157,0162,040,075,040,065,073,040,040,057,057,065,052,012,040,040,040,040,
0317:040,040,040,040,040,040,040,0163,0151,0144,0145,040,075,040,0165,0156,0151,0164,073,040,012,040,040,040,040,
0320:011,011,0143,0164,0170,056,0163,0164,0162,0157,0153,0145,0123,0164,0171,0154,0145,075,042,0142,0154,0141,0143,0153,042,073,012,040,040,040,040,011,0143,0164,0170,056,0154,0151,0156,0145,0127,0151,0144,0164,0150,040,075,040,062,073,040,040,040,040,011,012,040,040,040,040,011,0143,0164,0170,056,0146,0151,0154,0154,0123,0164,0171,0154,0145,040,075,040,042,0142,0154,0141,0143,0153,042,073,012,040,040,040,040,
0321:011,011,0143,0164,0170,056,0163,0164,0162,0157,0153,0145,0123,0164,0171,0154,0145,040,075,040,042,0171,0145,0154,0154,0157,0167,042,073,012,040,040,040,040,011,0143,0164,0170,056,0154,0151,0156,0145,0127,0151,0144,0164,0150,040,075,040,062,073,040,040,040,040,011,012,040,040,040,040,011,0143,0164,0170,056,0146,0151,0154,0154,0123,0164,0171,0154,0145,040,075,040,042,0171,0145,0154,0154,0157,0167,042,073,012,040,040,040,040,
0322:011,011,0143,0164,0170,056,0163,0164,0162,0157,0153,0145,0123,0164,0171,0154,0145,075,042,0157,0162,0141,0156,0147,0145,042,073,012,040,040,040,040,011,0143,0164,0170,056,0154,0151,0156,0145,0127,0151,0144,0164,0150,040,075,040,062,073,012,040,040,040,040,011,0143,0164,0170,056,0146,0151,0154,0154,0123,0164,0171,0154,0145,040,075,040,042,0157,0162,0141,0156,0147,0145,042,073,040,040,040,040,012,040,040,040,040,
0323:011,011,0143,0164,0170,056,0163,0164,0162,0157,0153,0145,0123,0164,0171,0154,0145,075,042,0167,0150,0151,0164,0145,042,073,012,040,040,040,040,011,0143,0164,0170,056,0154,0151,0156,0145,0127,0151,0144,0164,0150,040,075,040,062,073,012,040,040,040,040,011,0143,0164,0170,056,0146,0151,0154,0154,0123,0164,0171,0154,0145,040,075,040,042,0167,0150,0151,0164,0145,042,073,040,040,040,040,012,040,040,040,040,
0324:011,011,0143,0164,0170,056,0163,0164,0162,0157,0153,0145,0123,0164,0171,0154,0145,075,042,0162,0145,0144,042,073,012,040,040,040,040,011,0143,0164,0170,056,0154,0151,0156,0145,0127,0151,0144,0164,0150,040,075,040,062,073,012,040,040,040,040,011,0143,0164,0170,056,0146,0151,0154,0154,0123,0164,0171,0154,0145,040,075,040,042,0162,0145,0144,042,073,040,040,040,040,012,040,040,040,040,
0325:011,011,0143,0164,0170,056,0163,0164,0162,0157,0153,0145,0123,0164,0171,0154,0145,075,042,0147,0162,0145,0145,0156,042,073,012,040,040,040,040,011,0143,0164,0170,056,0154,0151,0156,0145,0127,0151,0144,0164,0150,040,075,040,062,073,012,040,040,040,040,011,0143,0164,0170,056,0146,0151,0154,0154,0123,0164,0171,0154,0145,040,075,040,042,0147,0162,0145,0145,0156,042,073,040,040,040,040,012,040,040,040,040,
0326:011,011,0143,0164,0170,056,0163,0164,0162,0157,0153,0145,0123,0164,0171,0154,0145,075,042,0160,0165,0162,0160,0154,0145,042,073,012,040,040,040,040,011,0143,0164,0170,056,0154,0151,0156,0145,0127,0151,0144,0164,0150,040,075,040,062,073,012,040,040,040,040,011,0143,0164,0170,056,0146,0151,0154,0154,0123,0164,0171,0154,0145,040,075,040,042,0160,0165,0162,0160,0154,0145,042,073,040,040,040,040,012,040,040,040,040,
0327:011,011,0143,0164,0170,056,0163,0164,0162,0157,0153,0145,0123,0164,0171,0154,0145,075,042,0142,0154,0165,0145,042,073,012,040,040,040,040,011,0143,0164,0170,056,0154,0151,0156,0145,0127,0151,0144,0164,0150,040,075,040,062,073,012,040,040,040,040,011,0143,0164,0170,056,0146,0151,0154,0154,0123,0164,0171,0154,0145,040,075,040,042,0142,0154,0165,0145,042,073,040,040,040,040,012,040,040,040,040,
0330:040,040,040,040,040,040,0170,040,053,075,040,0163,0151,0144,0145,052,0115,0141,0164,0150,056,0143,0157,0163,050,0164,0150,0145,0164,0141,051,073,040,040,040,012,040,040,040,040,040,040,0171,040,053,075,040,0163,0151,0144,0145,052,0115,0141,0164,0150,056,0163,0151,0156,050,0164,0150,0145,0164,0141,051,073,040,012,040,040,040,040,
0331:040,040,040,040,040,040,0170,040,055,075,040,0163,0151,0144,0145,052,0115,0141,0164,0150,056,0143,0157,0163,050,0164,0150,0145,0164,0141,051,073,040,040,040,012,040,040,040,040,040,040,0171,040,055,075,040,0163,0151,0144,0145,052,0115,0141,0164,0150,056,0163,0151,0156,050,0164,0150,0145,0164,0141,051,073,040,012,040,040,040,040,
0332:040,040,040,040,040,040,0170,040,053,075,040,0163,0151,0144,0145,052,0115,0141,0164,0150,056,0143,0157,0163,050,0164,0150,0145,0164,0141,040,055,040,0164,0150,0145,0164,0141,0123,0164,0145,0160,051,073,012,040,040,040,040,040,040,0171,040,053,075,040,0163,0151,0144,0145,052,0115,0141,0164,0150,056,0163,0151,0156,050,0164,0150,0145,0164,0141,040,055,040,0164,0150,0145,0164,0141,0123,0164,0145,0160,051,073,012,040,040,040,040,
0333:040,040,040,040,040,040,0170,040,053,075,040,0163,0151,0144,0145,052,0115,0141,0164,0150,056,0143,0157,0163,050,0164,0150,0145,0164,0141,040,053,040,0164,0150,0145,0164,0141,0123,0164,0145,0160,051,073,012,040,040,040,040,040,040,0171,040,053,075,040,0163,0151,0144,0145,052,0115,0141,0164,0150,056,0163,0151,0156,050,0164,0150,0145,0164,0141,040,053,040,0164,0150,0145,0164,0141,0123,0164,0145,0160,051,073,012,040,040,040,040,
0334:040,040,040,040,040,040,0164,0150,0145,0164,0141,040,055,075,040,0164,0150,0145,0164,0141,0123,0164,0145,0160,073,040,057,057,040,0103,0103,0127,012,040,040,040,040,
0335:040,040,040,040,040,040,0164,0150,0145,0164,0141,040,053,075,040,0164,0150,0145,0164,0141,0123,0164,0145,0160,073,040,057,057,040,0103,0127,012,040,040,040,040,
0336:040,040,040,040,040,040,0163,0151,0144,0145,040,057,075,040,0163,0143,0141,0154,0145,0106,0141,0143,0164,0157,0162,073,040,057,057,040,055,012,040,040,040,040,
0337:040,040,040,040,040,040,0163,0151,0144,0145,040,052,075,040,0163,0143,0141,0154,0145,0106,0141,0143,0164,0157,0162,073,040,057,057,040,053,012,040,040,040,040,
0340:040,012,040,040,040,040,011,057,057,0160,0157,0151,0156,0164,012,011,011,0143,0164,0170,056,0142,0145,0147,0151,0156,0120,0141,0164,0150,050,051,073,012,011,011,0143,0164,0170,056,0141,0162,0143,050,0170,054,040,0171,054,040,063,054,040,060,054,040,062,040,052,040,0115,0141,0164,0150,056,0120,0111,051,073,012,011,011,0143,0164,0170,056,0146,0151,0154,0154,050,051,073,011,012,011,011,0143,0164,0170,056,0143,0154,0157,0163,0145,0120,0141,0164,0150,050,051,073,012,011,011,0143,0165,0162,0162,0145,0156,0164,0123,0126,0107,040,053,075,040,042,074,0143,0151,0162,0143,0154,0145,040,0143,0170,075,0134,042,042,073,012,011,011,0143,0165,0162,0162,0145,0156,0164,0123,0126,0107,040,053,075,040,0115,0141,0164,0150,056,0162,0157,0165,0156,0144,050,0170,051,056,0164,0157,0123,0164,0162,0151,0156,0147,050,051,073,012,011,011,0143,0165,0162,0162,0145,0156,0164,0123,0126,0107,040,053,075,040,042,0134,042,040,0143,0171,040,075,040,0134,042,042,073,012,011,011,0143,0165,0162,0162,0145,0156,0164,0123,0126,0107,040,053,075,040,0115,0141,0164,0150,056,0162,0157,0165,0156,0144,050,0171,051,056,0164,0157,0123,0164,0162,0151,0156,0147,050,051,073,012,011,011,0143,0165,0162,0162,0145,0156,0164,0123,0126,0107,040,053,075,040,042,0134,042,040,0162,040,075,040,0134,042,063,0134,042,040,0163,0164,0162,0157,0153,0145,040,075,040,0134,042,0142,0154,0141,0143,0153,0134,042,040,0163,0164,0162,0157,0153,0145,055,0167,0151,0144,0164,0150,040,075,040,0134,042,062,0134,042,040,042,073,012,011,011,0143,0165,0162,0162,0145,0156,0164,0123,0126,0107,040,053,075,040,042,0146,0151,0154,0154,040,075,040,0134,042,0142,0154,0141,0143,0153,0134,042,040,057,076,0134,0156,042,073,011,011,012,040,040,040,040,
0341:040,040,040,040,040,040,057,057,0143,0151,0162,0143,0154,0145,012,011,011,0143,0164,0170,056,0142,0145,0147,0151,0156,0120,0141,0164,0150,050,051,073,012,011,011,0143,0164,0170,056,0141,0162,0143,050,0170,054,040,0171,054,040,0163,0151,0144,0145,054,040,060,054,040,062,040,052,040,0115,0141,0164,0150,056,0120,0111,051,073,012,011,011,0143,0164,0170,056,0143,0154,0157,0163,0145,0120,0141,0164,0150,050,051,073,012,011,011,0143,0164,0170,056,0163,0164,0162,0157,0153,0145,050,051,073,012,011,011,0143,0165,0162,0162,0145,0156,0164,0123,0126,0107,040,053,075,040,042,040,040,040,040,074,0143,0151,0162,0143,0154,0145,040,0143,0170,075,0134,042,042,073,012,011,011,0143,0165,0162,0162,0145,0156,0164,0123,0126,0107,040,053,075,040,0115,0141,0164,0150,056,0162,0157,0165,0156,0144,050,0170,051,056,0164,0157,0123,0164,0162,0151,0156,0147,050,051,073,012,011,011,0143,0165,0162,0162,0145,0156,0164,0123,0126,0107,040,053,075,040,042,0134,042,040,0143,0171,040,075,040,0134,042,042,073,012,011,011,0143,0165,0162,0162,0145,0156,0164,0123,0126,0107,040,053,075,040,0115,0141,0164,0150,056,0162,0157,0165,0156,0144,050,0171,051,056,0164,0157,0123,0164,0162,0151,0156,0147,050,051,073,012,011,011,0143,0165,0162,0162,0145,0156,0164,0123,0126,0107,040,053,075,040,042,0134,042,040,0162,040,075,040,0134,042,042,040,053,040,0163,0151,0144,0145,056,0164,0157,0123,0164,0162,0151,0156,0147,050,051,040,053,040,042,0134,042,040,0163,0164,0162,0157,0153,0145,040,075,040,0134,042,0142,0154,0141,0143,0153,0134,042,040,0163,0164,0162,0157,0153,0145,055,0167,0151,0144,0164,0150,040,075,040,0134,042,062,0134,042,040,042,073,012,011,011,0143,0165,0162,0162,0145,0156,0164,0123,0126,0107,040,053,075,040,042,0146,0151,0154,0154,040,075,040,0134,042,0156,0157,0156,0145,0134,042,040,057,076,0134,0156,042,073,011,011,012,040,040,040,040,
0342:040,040,040,040,040,040,040,040,057,057,0154,0151,0156,0145,012,040,040,040,040,011,0143,0164,0170,056,0142,0145,0147,0151,0156,0120,0141,0164,0150,050,051,073,012,040,040,040,040,011,0143,0164,0170,056,0155,0157,0166,0145,0124,0157,050,0170,054,0171,051,073,012,011,011,0143,0164,0170,056,0154,0151,0156,0145,0124,0157,050,0170,040,053,040,0163,0151,0144,0145,052,0115,0141,0164,0150,056,0143,0157,0163,050,0164,0150,0145,0164,0141,051,054,0171,040,053,040,0163,0151,0144,0145,052,0115,0141,0164,0150,056,0163,0151,0156,050,0164,0150,0145,0164,0141,051,051,073,012,011,011,0143,0164,0170,056,0163,0164,0162,0157,0153,0145,050,051,073,011,011,012,040,040,040,011,011,0143,0164,0170,056,0143,0154,0157,0163,0145,0120,0141,0164,0150,050,051,073,012,040,040,040,011,011,012,040,040,040,011,011,0166,0141,0162,040,0170,062,040,075,040,0115,0141,0164,0150,056,0162,0157,0165,0156,0144,050,0170,040,053,040,0163,0151,0144,0145,052,0115,0141,0164,0150,056,0143,0157,0163,050,0164,0150,0145,0164,0141,051,051,073,012,040,040,040,011,011,0166,0141,0162,040,0171,062,040,075,040,0115,0141,0164,0150,056,0162,0157,0165,0156,0144,050,0171,040,053,040,0163,0151,0144,0145,052,0115,0141,0164,0150,056,0163,0151,0156,050,0164,0150,0145,0164,0141,051,051,073,012,040,040,040,011,011,0143,0165,0162,0162,0145,0156,0164,0123,0126,0107,040,053,075,040,042,040,040,040,040,074,0154,0151,0156,0145,040,0170,061,075,0134,042,042,053,0115,0141,0164,0150,056,0162,0157,0165,0156,0144,050,0170,051,056,0164,0157,0123,0164,0162,0151,0156,0147,050,051,053,042,0134,042,040,0171,061,075,0134,042,042,053,0115,0141,0164,0150,056,0162,0157,0165,0156,0144,050,0171,051,056,0164,0157,0123,0164,0162,0151,0156,0147,050,051,053,042,0134,042,040,0170,062,075,0134,042,042,053,0170,062,056,0164,0157,0123,0164,0162,0151,0156,0147,050,051,053,042,0134,042,040,0171,062,075,0134,042,042,053,0171,062,056,0164,0157,0123,0164,0162,0151,0156,0147,050,051,053,042,0134,042,040,0163,0164,0171,0154,0145,075,0134,042,0163,0164,0162,0157,0153,0145,072,0142,0154,0141,0143,0153,073,0163,0164,0162,0157,0153,0145,055,0167,0151,0144,0164,0150,072,062,0134,042,040,057,076,0134,0156,042,012,012,040,040,040,040,
0343:040,040,040,040,011,0143,0164,0170,056,0142,0145,0147,0151,0156,0120,0141,0164,0150,050,051,073,012,011,011,0143,0164,0170,056,0141,0162,0143,050,0170,054,040,0171,054,040,0163,0151,0144,0145,054,040,0164,0150,0145,0164,0141,040,055,040,0164,0150,0145,0164,0141,0123,0164,0145,0160,054,0164,0150,0145,0164,0141,040,053,040,0164,0150,0145,0164,0141,0123,0164,0145,0160,051,073,012,011,011,0143,0164,0170,056,0163,0164,0162,0157,0153,0145,050,051,073,012,011,011,0143,0164,0170,056,0143,0154,0157,0163,0145,0120,0141,0164,0150,050,051,073,012,011,011,0154,0157,0143,0141,0154,0123,0164,0162,0151,0156,0147,040,075,040,042,042,073,012,011,011,0154,0157,0143,0141,0154,0123,0164,0162,0151,0156,0147,040,053,075,040,042,040,040,074,0160,0141,0164,0150,040,0144,075,0134,042,042,073,011,012,011,011,0154,0157,0143,0141,0154,0123,0164,0162,0151,0156,0147,040,053,075,040,042,0115,042,073,012,011,011,0166,0141,0162,040,0154,0157,0143,0141,0154,0111,0156,0164,040,075,040,0170,040,053,040,0163,0151,0144,0145,052,0115,0141,0164,0150,056,0143,0157,0163,050,0164,0150,0145,0164,0141,040,055,040,0164,0150,0145,0164,0141,0123,0164,0145,0160,051,073,012,011,011,0154,0157,0143,0141,0154,0123,0164,0162,0151,0156,0147,040,053,075,040,0154,0157,0143,0141,0154,0111,0156,0164,056,0164,0157,0123,0164,0162,0151,0156,0147,050,051,073,012,011,011,0154,0157,0143,0141,0154,0123,0164,0162,0151,0156,0147,040,053,075,040,042,040,042,073,012,011,011,0154,0157,0143,0141,0154,0111,0156,0164,040,075,040,0171,040,053,040,0163,0151,0144,0145,052,0115,0141,0164,0150,056,0163,0151,0156,050,0164,0150,0145,0164,0141,040,055,040,0164,0150,0145,0164,0141,0123,0164,0145,0160,051,073,012,011,011,0154,0157,0143,0141,0154,0123,0164,0162,0151,0156,0147,040,053,075,040,0154,0157,0143,0141,0154,0111,0156,0164,056,0164,0157,0123,0164,0162,0151,0156,0147,050,051,073,012,011,011,0143,0165,0162,0162,0145,0156,0164,0123,0126,0107,040,053,075,040,0154,0157,0143,0141,0154,0123,0164,0162,0151,0156,0147,073,012,011,011,0154,0157,0143,0141,0154,0123,0164,0162,0151,0156,0147,040,075,040,042,040,040,040,040,040,040,040,040,040,040,040,0101,042,040,053,040,0163,0151,0144,0145,056,0164,0157,0123,0164,0162,0151,0156,0147,050,051,040,053,040,042,040,042,040,053,040,0163,0151,0144,0145,056,0164,0157,0123,0164,0162,0151,0156,0147,050,051,040,053,040,042,040,060,040,060,040,061,040,042,073,012,011,011,0154,0157,0143,0141,0154,0111,0156,0164,040,075,040,0170,040,053,040,0163,0151,0144,0145,052,0115,0141,0164,0150,056,0143,0157,0163,050,0164,0150,0145,0164,0141,040,053,040,0164,0150,0145,0164,0141,0123,0164,0145,0160,051,073,012,011,011,0154,0157,0143,0141,0154,0123,0164,0162,0151,0156,0147,040,053,075,040,0154,0157,0143,0141,0154,0111,0156,0164,056,0164,0157,0123,0164,0162,0151,0156,0147,050,051,040,053,040,042,040,042,073,012,011,011,0154,0157,0143,0141,0154,0111,0156,0164,040,075,040,0171,040,053,040,0163,0151,0144,0145,052,0115,0141,0164,0150,056,0163,0151,0156,050,0164,0150,0145,0164,0141,040,053,040,0164,0150,0145,0164,0141,0123,0164,0145,0160,051,073,012,011,011,0154,0157,0143,0141,0154,0123,0164,0162,0151,0156,0147,040,053,075,040,0154,0157,0143,0141,0154,0111,0156,0164,056,0164,0157,0123,0164,0162,0151,0156,0147,050,051,040,053,040,042,0134,042,040,0146,0151,0154,0154,040,075,040,0134,042,0156,0157,0156,0145,0134,042,040,0163,0164,0162,0157,0153,0145,040,075,040,0134,042,0142,0154,0141,0143,0153,0134,042,040,0163,0164,0162,0157,0153,0145,055,0167,0151,0144,0164,0150,040,075,040,0134,042,062,0134,042,040,057,076,0134,0156,042,073,012,011,011,0143,0165,0162,0162,0145,0156,0164,0123,0126,0107,040,053,075,040,0154,0157,0143,0141,0154,0123,0164,0162,0151,0156,0147,073,012,012,040,040,040,040,
0344:040,040,040,040,040,040,040,057,057,0160,0141,0162,0164,040,0157,0146,040,0141,040,0160,0157,0154,0171,040,0154,0151,0156,0145,040,0157,0162,040,0160,0141,0164,0150,040,012,011,011,0143,0164,0170,056,0154,0151,0156,0145,0124,0157,050,0170,040,053,040,0163,0151,0144,0145,052,0115,0141,0164,0150,056,0143,0157,0163,050,0164,0150,0145,0164,0141,051,054,0171,040,053,040,0163,0151,0144,0145,052,0115,0141,0164,0150,056,0163,0151,0156,050,0164,0150,0145,0164,0141,051,051,073,012,011,011,0143,0164,0170,056,0163,0164,0162,0157,0153,0145,050,051,073,011,011,012,012,040,040,040,011,011,0166,0141,0162,040,0170,062,040,075,040,0115,0141,0164,0150,056,0162,0157,0165,0156,0144,050,0170,040,053,040,0163,0151,0144,0145,052,0115,0141,0164,0150,056,0143,0157,0163,050,0164,0150,0145,0164,0141,051,051,073,012,040,040,040,011,011,0166,0141,0162,040,0171,062,040,075,040,0115,0141,0164,0150,056,0162,0157,0165,0156,0144,050,0171,040,053,040,0163,0151,0144,0145,052,0115,0141,0164,0150,056,0163,0151,0156,050,0164,0150,0145,0164,0141,051,051,073,012,040,040,040,011,011,0143,0165,0162,0162,0145,0156,0164,0123,0126,0107,040,053,075,040,042,0114,042,040,053,040,0170,062,040,053,040,042,040,042,040,053,040,0171,062,040,053,040,042,040,042,073,012,012,040,040,040,040,
0345:040,040,040,040,040,040,040,057,057,0141,0162,0143,012,011,011,0143,0164,0170,056,0141,0162,0143,050,0170,054,040,0171,054,040,0163,0151,0144,0145,054,040,0164,0150,0145,0164,0141,040,055,040,0164,0150,0145,0164,0141,0123,0164,0145,0160,054,0164,0150,0145,0164,0141,040,053,040,0164,0150,0145,0164,0141,0123,0164,0145,0160,051,073,012,011,011,0143,0164,0170,056,0163,0164,0162,0157,0153,0145,050,051,073,012,040,040,040,040,
0346:040,040,040,040,040,040,057,057,0141,0162,0143,054,040,0162,0145,0166,0145,0162,0163,0145,040,0144,0151,0162,0145,0143,0164,0151,0157,0156,012,011,011,0143,0164,0170,056,0141,0162,0143,050,0170,054,040,0171,054,040,0163,0151,0144,0145,054,040,0164,0150,0145,0164,0141,040,053,040,0164,0150,0145,0164,0141,0123,0164,0145,0160,054,0164,0150,0145,0164,0141,040,055,040,0164,0150,0145,0164,0141,0123,0164,0145,0160,054,0164,0162,0165,0145,051,073,012,011,011,0143,0164,0170,056,0163,0164,0162,0157,0153,0145,050,051,073,012,040,040,040,040,
0347:040,040,040,040,040,040,040,040,057,057,0146,0151,0154,0154,0145,0144,040,0143,0151,0162,0143,0154,0145,012,011,011,0143,0164,0170,056,0142,0145,0147,0151,0156,0120,0141,0164,0150,050,051,073,012,011,011,0143,0164,0170,056,0141,0162,0143,050,0170,054,040,0171,054,040,0163,0151,0144,0145,054,040,060,054,040,062,040,052,040,0115,0141,0164,0150,056,0120,0111,051,073,012,011,011,0143,0164,0170,056,0143,0154,0157,0163,0145,0120,0141,0164,0150,050,051,073,012,011,011,0143,0164,0170,056,0163,0164,0162,0157,0153,0145,050,051,073,012,011,011,0143,0164,0170,056,0146,0151,0154,0154,050,051,073,012,011,011,0143,0165,0162,0162,0145,0156,0164,0123,0126,0107,040,053,075,040,042,040,040,040,040,074,0143,0151,0162,0143,0154,0145,040,0143,0170,075,0134,042,042,073,012,011,011,0143,0165,0162,0162,0145,0156,0164,0123,0126,0107,040,053,075,040,0115,0141,0164,0150,056,0162,0157,0165,0156,0144,050,0170,051,056,0164,0157,0123,0164,0162,0151,0156,0147,050,051,073,012,011,011,0143,0165,0162,0162,0145,0156,0164,0123,0126,0107,040,053,075,040,042,0134,042,040,0143,0171,040,075,040,0134,042,042,073,012,011,011,0143,0165,0162,0162,0145,0156,0164,0123,0126,0107,040,053,075,040,0115,0141,0164,0150,056,0162,0157,0165,0156,0144,050,0171,051,056,0164,0157,0123,0164,0162,0151,0156,0147,050,051,073,012,011,011,0143,0165,0162,0162,0145,0156,0164,0123,0126,0107,040,053,075,040,042,0134,042,040,0162,040,075,040,0134,042,042,040,053,040,0163,0151,0144,0145,056,0164,0157,0123,0164,0162,0151,0156,0147,050,051,040,053,040,042,0134,042,040,0163,0164,0162,0157,0153,0145,040,075,040,0134,042,0142,0154,0141,0143,0153,0134,042,040,0163,0164,0162,0157,0153,0145,055,0167,0151,0144,0164,0150,040,075,040,0134,042,062,0134,042,040,042,073,012,011,011,0143,0165,0162,0162,0145,0156,0164,0123,0126,0107,040,053,075,040,042,0146,0151,0154,0154,040,075,040,0134,042,0142,0154,0141,0143,0153,0134,042,040,057,076,0134,0156,042,073,011,011,012,012,040,040,040,040,
0350:040,040,040,040,040,040,0164,0150,0145,0164,0141,0123,0164,0145,0160,040,057,075,040,062,073,040,040,057,057,0141,0156,0147,0154,0145,057,062,012,040,040,040,040,
0351:040,040,040,040,040,040,0164,0150,0145,0164,0141,0123,0164,0145,0160,040,052,075,040,062,073,040,040,057,057,062,0141,0156,0147,0154,0145,012,040,040,040,040,
0352:040,040,040,040,040,040,0164,0150,0145,0164,0141,0123,0164,0145,0160,040,057,075,040,063,073,040,057,057,0141,0156,0147,0154,0145,057,063,012,040,040,040,040,
0353:040,040,040,040,040,040,0164,0150,0145,0164,0141,0123,0164,0145,0160,040,052,075,040,063,073,040,057,057,063,0141,0156,0147,0154,0145,012,011,
0360:011,011,0151,0155,0147,0104,0141,0164,0141,040,075,040,0151,0155,0147,0143,0164,0170,056,0147,0145,0164,0111,0155,0141,0147,0145,0104,0141,0164,0141,050,0170,054,0171,054,0163,0151,0144,0145,054,0163,0151,0144,0145,051,073,012,011,
0361:011,011,0143,0164,0170,056,0160,0165,0164,0111,0155,0141,0147,0145,0104,0141,0164,0141,050,0151,0155,0147,0104,0141,0164,0141,054,0170,054,0171,051,073,012,040,040,040,040,
0362:011,040,040,040,0143,0164,0170,056,0142,0145,0147,0151,0156,0120,0141,0164,0150,050,051,073,012,011,040,040,040,0143,0164,0170,056,0155,0157,0166,0145,0124,0157,050,0170,054,0171,051,073,012,011,040,040,040,0143,0165,0162,0162,0145,0156,0164,0123,0126,0107,040,053,075,040,042,011,074,0160,0141,0164,0150,040,0144,040,075,040,0134,042,0115,042,073,012,011,040,040,040,0143,0165,0162,0162,0145,0156,0164,0123,0126,0107,040,053,075,040,0115,0141,0164,0150,056,0162,0157,0165,0156,0144,050,0170,051,056,0164,0157,0123,0164,0162,0151,0156,0147,050,051,040,053,040,042,040,042,073,012,011,040,040,040,0143,0165,0162,0162,0145,0156,0164,0123,0126,0107,040,053,075,040,0115,0141,0164,0150,056,0162,0157,0165,0156,0144,050,0171,051,056,0164,0157,0123,0164,0162,0151,0156,0147,050,051,040,053,040,042,040,042,073,012,012,057,057,011,040,040,040,0143,0165,0162,0162,0145,0156,0164,0123,0126,0107,040,053,075,040,042,040,040,074,0160,0157,0154,0171,0154,0151,0156,0145,040,0160,0157,0151,0156,0164,0163,075,0134,042,042,073,011,011,012,040,040,040,040,
0363:011,040,040,040,0143,0164,0170,056,0143,0154,0157,0163,0145,0120,0141,0164,0150,050,051,073,012,011,040,040,040,0143,0164,0170,056,0163,0164,0162,0157,0153,0145,050,051,073,011,011,012,011,040,040,040,0143,0164,0170,056,0146,0151,0154,0154,050,051,073,011,011,012,011,040,040,040,0143,0165,0162,0162,0145,0156,0164,0123,0126,0107,040,053,075,040,042,0132,0134,042,042,053,040,042,040,0163,0164,0162,0157,0153,0145,040,075,040,0134,042,0142,0154,0141,0143,0153,0134,042,040,0163,0164,0162,0157,0153,0145,055,0167,0151,0144,0164,0150,040,075,040,0134,042,062,0134,042,040,0146,0151,0154,0154,040,075,040,0134,042,0156,0157,0156,0145,0134,042,040,042,053,042,057,076,042,073,012,040,040,040,040,
0364:011,040,040,040,0143,0164,0170,056,0143,0154,0157,0163,0145,0120,0141,0164,0150,050,051,073,012,011,040,040,040,0143,0164,0170,056,0163,0164,0162,0157,0153,0145,050,051,073,011,011,012,011,040,040,040,0143,0164,0170,056,0146,0151,0154,0154,050,051,073,011,011,012,011,040,040,040,0143,0165,0162,0162,0145,0156,0164,0123,0126,0107,040,053,075,040,042,0132,0134,042,042,053,040,042,040,0163,0164,0162,0157,0153,0145,040,075,040,0134,042,0142,0154,0141,0143,0153,0134,042,040,0163,0164,0162,0157,0153,0145,055,0167,0151,0144,0164,0150,040,075,040,0134,042,062,0134,042,040,0146,0151,0154,0154,040,075,040,0134,042,0142,0154,0141,0143,0153,0134,042,040,042,053,042,057,076,042,073,012,040,040,040,040,
0365:040,040,040,040,040,040,040,040,0143,0164,0170,056,0146,0157,0156,0164,075,0163,0151,0144,0145,056,0164,0157,0123,0164,0162,0151,0156,0147,050,070,051,040,053,040,042,0160,0170,040,042,040,053,040,0155,0171,0106,0157,0156,0164,073,012,011,011,0143,0164,0170,056,0146,0151,0154,0154,0124,0145,0170,0164,050,0143,0165,0162,0162,0145,0156,0164,0127,0157,0162,0144,054,0170,054,0171,051,073,012,011,011,0143,0165,0162,0162,0145,0156,0164,0123,0126,0107,040,053,075,040,042,040,040,040,040,074,0164,0145,0170,0164,040,0170,075,0134,042,042,073,012,011,011,0143,0165,0162,0162,0145,0156,0164,0123,0126,0107,040,053,075,040,0115,0141,0164,0150,056,0162,0157,0165,0156,0144,050,0170,051,056,0164,0157,0123,0164,0162,0151,0156,0147,050,051,073,012,011,011,0143,0165,0162,0162,0145,0156,0164,0123,0126,0107,040,053,075,040,042,0134,042,040,0171,040,075,040,0134,042,042,073,012,011,011,0143,0165,0162,0162,0145,0156,0164,0123,0126,0107,040,053,075,040,0115,0141,0164,0150,056,0162,0157,0165,0156,0144,050,0171,051,056,0164,0157,0123,0164,0162,0151,0156,0147,050,051,073,012,011,011,0143,0165,0162,0162,0145,0156,0164,0123,0126,0107,040,053,075,040,042,0134,042,040,0146,0151,0154,0154,040,075,040,0134,042,0142,0154,0141,0143,0153,0134,042,042,073,040,012,011,011,0143,0165,0162,0162,0145,0156,0164,0123,0126,0107,040,053,075,040,042,040,0146,0157,0156,0164,055,0163,0151,0172,0145,040,075,040,0134,042,042,073,012,011,011,0143,0165,0162,0162,0145,0156,0164,0123,0126,0107,040,053,075,040,0163,0151,0144,0145,040,053,040,042,0160,0170,0134,042,042,073,012,011,011,0143,0165,0162,0162,0145,0156,0164,0123,0126,0107,040,053,075,040,042,040,0146,0157,0156,0164,055,0146,0141,0155,0151,0154,0171,040,075,040,0134,042,0146,0165,0164,0165,0162,0141,0134,042,042,073,012,011,011,0143,0165,0162,0162,0145,0156,0164,0123,0126,0107,040,053,075,040,042,076,042,073,012,011,011,0143,0165,0162,0162,0145,0156,0164,0123,0126,0107,040,053,075,040,0143,0165,0162,0162,0145,0156,0164,0127,0157,0162,0144,073,012,011,011,0143,0165,0162,0162,0145,0156,0164,0123,0126,0107,040,053,075,040,042,074,057,0164,0145,0170,0164,076,0134,0156,042,073,011,012,011,
0366:011,011,0143,0164,0170,056,0142,0145,0147,0151,0156,0120,0141,0164,0150,050,051,073,012,011,011,0143,0164,0170,056,0155,0157,0166,0145,0124,0157,050,0115,0141,0164,0150,056,0162,0157,0165,0156,0144,050,0170,051,054,0115,0141,0164,0150,056,0162,0157,0165,0156,0144,050,0171,051,051,073,012,011,011,0143,0160,0170,061,040,075,040,0115,0141,0164,0150,056,0162,0157,0165,0156,0144,050,0170,040,053,040,0163,0151,0144,0145,052,0115,0141,0164,0150,056,0143,0157,0163,050,0164,0150,0145,0164,0141,051,051,073,012,011,011,0143,0160,0171,061,040,075,040,0115,0141,0164,0150,056,0162,0157,0165,0156,0144,050,0171,040,053,040,0163,0151,0144,0145,052,0115,0141,0164,0150,056,0163,0151,0156,050,0164,0150,0145,0164,0141,051,051,073,012,011,011,0143,0165,0162,0162,0145,0156,0164,0123,0126,0107,040,053,075,040,042,074,0160,0141,0164,0150,040,040,040,040,0144,040,075,040,0134,042,0115,042,073,012,011,011,0143,0165,0162,0162,0145,0156,0164,0123,0126,0107,040,053,075,040,050,0115,0141,0164,0150,056,0162,0157,0165,0156,0144,050,0170,051,051,056,0164,0157,0123,0164,0162,0151,0156,0147,050,051,040,053,040,042,054,042,073,012,011,011,0143,0165,0162,0162,0145,0156,0164,0123,0126,0107,040,053,075,040,050,0115,0141,0164,0150,056,0162,0157,0165,0156,0144,050,0171,051,051,056,0164,0157,0123,0164,0162,0151,0156,0147,050,051,040,053,040,042,040,0103,042,073,012,011,011,0143,0165,0162,0162,0145,0156,0164,0123,0126,0107,040,053,075,040,0143,0160,0170,061,056,0164,0157,0123,0164,0162,0151,0156,0147,050,051,040,053,040,042,054,042,040,053,040,0143,0160,0171,061,056,0164,0157,0123,0164,0162,0151,0156,0147,050,051,040,053,040,042,040,042,073,012,011,011,012,057,057,074,0160,0141,0164,0150,040,040,0144,075,042,0115,061,060,060,054,062,060,060,040,0103,061,065,060,054,061,065,060,040,062,060,060,054,061,065,060,040,062,065,060,054,062,060,060,042,040,057,076,012,011,
0367:011,011,0170,062,040,075,040,0115,0141,0164,0150,056,0162,0157,0165,0156,0144,050,0170,051,073,012,011,011,0171,062,040,075,040,0115,0141,0164,0150,056,0162,0157,0165,0156,0144,050,0171,051,073,012,011,011,0143,0160,0170,062,040,075,040,0115,0141,0164,0150,056,0162,0157,0165,0156,0144,050,0170,040,053,040,0163,0151,0144,0145,052,0115,0141,0164,0150,056,0143,0157,0163,050,0164,0150,0145,0164,0141,051,051,073,012,011,011,0143,0160,0171,062,040,075,040,0115,0141,0164,0150,056,0162,0157,0165,0156,0144,050,0171,040,053,040,0163,0151,0144,0145,052,0115,0141,0164,0150,056,0163,0151,0156,050,0164,0150,0145,0164,0141,051,051,073,012,011,011,0143,0164,0170,056,0142,0145,0172,0151,0145,0162,0103,0165,0162,0166,0145,0124,0157,050,0143,0160,0170,061,054,0143,0160,0171,061,054,0143,0160,0170,062,054,0143,0160,0171,062,054,0170,062,054,0171,062,051,073,012,011,011,0143,0164,0170,056,0163,0164,0162,0157,0153,0145,050,051,073,012,011,011,0143,0165,0162,0162,0145,0156,0164,0123,0126,0107,040,053,075,040,0143,0160,0170,062,056,0164,0157,0123,0164,0162,0151,0156,0147,050,051,040,053,040,042,054,042,040,053,040,0143,0160,0171,062,056,0164,0157,0123,0164,0162,0151,0156,0147,050,051,040,053,040,042,040,042,073,012,011,011,0143,0165,0162,0162,0145,0156,0164,0123,0126,0107,040,053,075,040,0170,062,056,0164,0157,0123,0164,0162,0151,0156,0147,050,051,040,053,040,042,054,042,040,053,040,0171,062,056,0164,0157,0123,0164,0162,0151,0156,0147,050,051,040,053,040,042,0134,042,040,0146,0151,0154,0154,040,075,040,0134,042,0156,0157,0156,0145,0134,042,040,0163,0164,0162,0157,0153,0145,055,0167,0151,0144,0164,0150,040,075,040,0134,042,062,0134,042,040,0163,0164,0162,0157,0153,0145,040,075,040,0134,042,0142,0154,0141,0143,0153,0134,042,040,057,076,042,073,011,011,
