0600:0124,0150,0162,0157,0164,0164,0154,0145,
0601:0124,0157,0156,0145,040,0107,0145,0156,0145,0162,0141,0164,0157,0162,040,070,040,0160,0157,0154,0145,040,061,040,0160,0150,0141,0163,0145,
0602:0111,0156,0164,0145,0162,0156,0141,0154,040,0103,0157,0155,0142,0165,0163,0164,0151,0157,0156,040,062,066,0143,0143,
0603:0111,0156,0144,0165,0143,0164,0151,0157,0156,040,0115,0157,0164,0157,0162,040,0107,0145,0156,0145,0162,0141,0164,0157,0162,040,066,055,0160,0157,0154,0145,040,062,040,0160,0150,0141,0163,0145,
0604:0122,0145,0141,0162,040,0127,0150,0145,0145,0154,040,062,067,056,065,040,042,
0605:0120,0157,0167,0145,0162,040,0115,0145,0164,0145,0162,
0606:0120,0150,0141,0163,0145,040,0123,0150,0151,0146,0164,040,0103,0141,0160,0141,0143,0151,0164,0157,0162,
0607:0122,0145,0141,0143,0164,0151,0166,0145,040,0103,0141,0160,0141,0143,0151,0164,0157,0162,040,0102,0141,0156,0153,
0610:0114,0151,0147,0150,0164,0163,040,0141,0156,0144,040,0123,0151,0147,0156,0141,0154,0163,
0611:0102,0165,0163,040,0102,0141,0162,
0612:0102,0141,0164,0164,0145,0162,0171,
0613:0124,0162,0141,0156,0163,0146,0157,0162,0155,0145,0162,
0614:0102,0141,0164,0164,0145,0162,0171,040,0122,0145,0147,0165,0154,0141,0164,0157,0162,
0615:0102,0162,0165,0163,0150,0145,0144,040,0104,0103,040,0115,0157,0164,0157,0162,040,065,070,060,060,040,0162,0160,0155,
0616:0106,0151,0154,0164,0145,0162,040,0103,0141,0160,0141,0143,0151,0164,0157,0162,0163,
0617:0124,0157,0156,0145,040,0107,0145,0156,0145,0162,0141,0164,0157,0162,040,062,066,040,0120,0157,0154,0145,040,061,040,0120,0150,0141,0163,0145,
0620:0110,040,0102,0162,0151,0144,0147,0145,040,0120,0157,0167,0145,0162,040,0124,0162,0141,0156,0163,0151,0163,0164,0157,0162,0163,
0621:0115,0157,0144,0165,0154,0141,0164,0157,0162,
0622:0102,0162,0141,0153,0145,040,0114,0145,0166,0145,0162,
0623:0115,0145,0143,0150,0141,0156,0151,0143,0141,0154,
0624:0102,0145,0154,0164,040,061,056,065,072,061,
0625:066,072,061,040,0103,0150,0141,0151,0156,057,0142,0145,0154,0164,
0626:0103,0150,0141,0151,0156,040,063,056,062,065,072,061,
0627:061,062,060,0126,0101,0103,040,066,060,040,0110,0172,
0630:0114,0157,0167,040,0126,0157,0154,0164,0141,0147,0145,040,0104,0103,
0631:061,066,040,0126,0104,0103,
0632:061,066,040,0126,0101,0103,040,066,060,040,0110,0172,
0633:0105,0154,0145,0143,0164,0162,0157,055,0155,0145,0143,0150,0141,0156,0151,0143,0141,0154,
0634:061,056,062,040,0153,0110,0172,040,0120,0127,0115,
0635:0101,0103,040,0114,0157,0167,040,0126,0157,0154,0164,0141,0147,0145,
0202:0304,0335,0306,0201,0334,0201,0334,0201,0334,0201,0334,0201,0334,0201,0334,0304,0334,
0203:0201,0335,0311,0337,0201,0335,0336,0201,0335,0337,0201,0336,0335,0313,,,,,,,,,,,,,,
0204:,0334,0343,0331,0331,0331,0331,0331,0331,0331,0331,0331,0331,0335,0335,0343,0332,0335,0335,0337,0337,0337,0201,0336,0336,0201,0335,0335,0333,0201,0337,0337,0201,0334,0332,0336,0336,0332,0336,0330,0336,0336,0331,0331,0331,0337,0337,
01202:0333,0200,0336,0332,0330,0331,0336,0330,0332,0333,0336,0332,0337,0202,0337,0333,,0331,0336,0333,0330,0336,0332,0337,0337,0337,
01203:,0333,0200,0336,0336,0330,0332,0332,0332,,0203,0333,0333,0333,0331,0337,0337,,,,,,
01204:0333,0200,0336,0336,0336,0330,0330,0330,0330,0330,0332,0332,0332,0332,0332,0332,0332,0332,0332,0204,0333,0333,0333,0333,0333,0333,0333,0333,0333,0331,0331,0331,0331,0336,0336,0331,0337,0337,0337,0337,0337,,,,,,,,,,,,,,,,,,,,,,,,,,,,,,,,,,,,,,
0400:0330,0332,0336,0330,0332,0336,0600,0336,0365,0332,0331,0336,0330,0332,0337,0331,0337,0337,0203,0336,0336,0331,0331,0331,0601,0330,0331,0330,0333,0333,0333,0333,0333,0333,0333,0333,0330,0330,0330,0333,0333,0312,0337,0313,0204,0313,0336,0330,0313,0333,0365,0330,0331,0333,0333,0333,0331,0331,0331,0332,0332,0332,0332,0332,0332,0332,0332,0332,0332,0332,0332,0332,0332,0332,0332,0332,0332,0332,0332,0332,0332,0332,0332,0332,0602,0332,0311,0337,0313,0204,0311,0336,0313,0330,0365,0332,0332,0332,0331,0331,0331,0331,0331,0333,0333,0333,0333,0333,0333,0333,0333,0333,0333,0333,0333,0333,0311,0337,0313,0310,0337,0313,0204,0311,0336,0336,0332,0330,0312,0336,0311,0337,0603,0365,0332,0332,0331,0331,0331,0331,0331,0333,0333,0333,0333,0333,0333,0333,0333,0333,0333,0333,0333,0333,0333,0333,0333,0333,0333,0333,0333,0333,0333,0333,0333,0333,0333,0333,0333,0333,0333,0333,0333,0333,0333,0333,0333,0333,0333,0330,0330,0330,0330,0330,0330,0604,0365,0331,0331,0331,0331,0331,0333,0333,0333,0333,0330,0330,0330,0330,0330,0333,0331,0330,0337,0337,0337,0337,0310,0336,0310,0337,0341,0331,0331,0331,0331,0336,0336,0336,0330,0330,0330,0330,0330,0332,0332,0332,0332,0332,0332,0332,0332,0332,0332,0332,0332,0332,0332,0332,0332,0605,0365,0331,0606,0365,0331,0607,0365,0331,0610,0365,0611,0331,0365,0612,0331,0365,0613,0331,0365,0614,0331,0365,0615,0331,0365,0616,0331,0365,0617,0331,0365,0620,0331,0365,0621,0331,0365,0622,0331,0365,0623,,,,,,,,,,,,,,,,,,,,,,,,,,,,,,,,,,,,,,,,,,,