[
    {
        "shapes": [
            "0250:0310,0350,0201,0335,0335,0335,0337,0322,0201,0320,0335,0335,0335,0336,0201,0335,0335,0304,0336,0336,0336,0336,0336,0330,0330,0336,0332,061,0365,0331,0331,0331,0331,0333,0333,0333,0333,061,0365,0330,0330,0330,0330,0332,0330,0331,0330,0330,0330,0333,0600,0337,0337,0337,0337,0337,0370,0300,0350,0310,0335,0336,0326,0342,0334,0304,0336,0336,0336,0336,0330,0330,0333,0333,0601,0337,0337,0337,0371,0300,0310,0350,0335,0336,0330,0334,0334,0334,0336,0325,0201,0300,0336,0330,0602,0336,0336,0333,0337,0337,0372,0300,0336,0330,0350,0310,0335,0336,0327,0342,0300,0603,0336,0330,0330,0336,0331,0336,0333,0331,0337,0373,0300,0336,0330,0336,0330,0335,0323,0342,0334,0604,0336,0336,0333,0337,0337,0374,0300,0605,0336,0333,0336,0336,0336,0330,0330,0332,0332,0332,0332,0337,0337,0337,0333,0375,0332,0332,0337,0337,0300,0336,0336,0336,0336,0333,0200,0332,0337,0337,0337,0337,",
            "0600:074,0163,0160,0141,0156,040,0163,0164,0171,0154,0145,040,075,040,042,0143,0157,0154,0157,0162,072,0162,0145,0144,042,076,044,0134,0163,0161,0162,0164,0173,062,0175,044,074,057,0163,0160,0141,0156,076,",
            "0601:074,0163,0160,0141,0156,040,0163,0164,0171,0154,0145,040,075,040,042,0143,0157,0154,0157,0162,072,0142,0154,0165,0145,042,076,044,0134,0146,0162,0141,0143,0173,061,0175,0173,0134,0163,0161,0162,0164,0173,062,0175,0175,044,074,057,0163,0160,0141,0156,076,",
            "0602:074,0163,0160,0141,0156,040,0163,0164,0171,0154,0145,040,075,040,042,0143,0157,0154,0157,0162,072,0147,0162,0145,0145,0156,042,076,044,0134,0146,0162,0141,0143,0173,061,0175,0173,062,0175,044,074,057,0163,0160,0141,0156,076,",
            "0603:074,0163,0160,0141,0156,040,0163,0164,0171,0154,0145,040,075,040,042,0143,0157,0154,0157,0162,072,0160,0165,0162,0160,0154,0145,042,076,044,0134,0146,0162,0141,0143,0173,061,0175,0173,062,0134,0163,0161,0162,0164,0173,062,0175,0175,044,074,057,0163,0160,0141,0156,076,040,",
            "0604:074,0163,0160,0141,0156,040,0163,0164,0171,0154,0145,040,075,040,042,0143,0157,0154,0157,0162,072,0157,0162,0141,0156,0147,0145,042,076,044,0134,0146,0162,0141,0143,0173,061,0175,0173,070,0175,044,074,057,0163,0160,0141,0156,076,040,",
            "0605:044,064,065,0136,0173,0134,0143,0151,0162,0143,0175,044,040,"
        ],
        "glyph": "0310,0350,0201,0335,0335,0335,0337,0322,0201,0320,0335,0335,0335,0336,0201,0335,0335,0304,0336,0336,0336,0336,0336,0330,0330,0336,0332,061,0365,0331,0331,0331,0331,0333,0333,0333,0333,061,0365,0330,0330,0330,0330,0332,0330,0331,0330,0330,0330,0333,0600,0337,0337,0337,0337,0337,0370,0300,0350,0310,0335,0336,0326,0342,0334,0304,0336,0336,0336,0336,0330,0330,0333,0333,0601,0337,0337,0337,0371,0300,0310,0350,0335,0336,0330,0334,0334,0334,0336,0325,0201,0300,0336,0330,0602,0336,0336,0333,0337,0337,0372,0300,0336,0330,0350,0310,0335,0336,0327,0342,0300,0603,0336,0330,0330,0336,0331,0336,0333,0331,0337,0373,0300,0336,0330,0336,0330,0335,0323,0342,0334,0604,0336,0336,0333,0337,0337,0374,0300,0605,0336,0333,0336,0336,0336,0330,0330,0332,0332,0332,0332,0337,0337,0337,0333,0375,0332,0332,0337,0337,0300,0336,0336,0336,0336,0333,0200,0332,0337,0337,0337,0337,",
        "w": 1366,
        "h": 672,
        "x0": 503,
        "y0": 499.54496338831314,
        "x0rel": -0.39173244442226723,
        "y0rel": 0.3559214904503006,
        "unit": 459.49729863572225,
        "imgurl": "",
        "imgw": 2,
        "imgleft": -1,
        "imgtop": -1
    },
    {
        "shapes": [
            "0250:0334,0305,0311,0201,0335,0350,0335,0337,0201,0335,0335,0335,0335,0201,0335,0335,0335,0335,0336,0201,0335,0335,0335,0335,0334,0336,0201,0334,0334,0334,0336,0201,0335,0335,0335,0336,0201,0334,0334,0334,0336,0201,0335,0335,0335,0336,0201,0334,0334,0334,0336,0201,0300,",
            "0600:074,0163,0160,0141,0156,040,0163,0164,0171,0154,0145,040,075,040,042,0143,0157,0154,0157,0162,072,0162,0145,0144,042,076,044,0134,0163,0161,0162,0164,0173,062,0175,044,074,057,0163,0160,0141,0156,076,",
            "0601:074,0163,0160,0141,0156,040,0163,0164,0171,0154,0145,040,075,040,042,0143,0157,0154,0157,0162,072,0142,0154,0165,0145,042,076,044,0134,0146,0162,0141,0143,0173,061,0175,0173,0134,0163,0161,0162,0164,0173,062,0175,0175,044,074,057,0163,0160,0141,0156,076,",
            "0602:074,0163,0160,0141,0156,040,0163,0164,0171,0154,0145,040,075,040,042,0143,0157,0154,0157,0162,072,0147,0162,0145,0145,0156,042,076,044,0134,0146,0162,0141,0143,0173,061,0175,0173,062,0175,044,074,057,0163,0160,0141,0156,076,",
            "0603:074,0163,0160,0141,0156,040,0163,0164,0171,0154,0145,040,075,040,042,0143,0157,0154,0157,0162,072,0160,0165,0162,0160,0154,0145,042,076,044,0134,0146,0162,0141,0143,0173,061,0175,0173,062,0134,0163,0161,0162,0164,0173,062,0175,0175,044,074,057,0163,0160,0141,0156,076,040,",
            "0604:074,0163,0160,0141,0156,040,0163,0164,0171,0154,0145,040,075,040,042,0143,0157,0154,0157,0162,072,0157,0162,0141,0156,0147,0145,042,076,044,0134,0146,0162,0141,0143,0173,061,0175,0173,070,0175,044,074,057,0163,0160,0141,0156,076,040,",
            "0605:044,064,065,0136,0173,0134,0143,0151,0162,0143,0175,044,040,"
        ],
        "glyph": "0334,0305,0311,0201,0335,0350,0335,0337,0201,0335,0335,0335,0335,0201,0335,0335,0335,0335,0336,0201,0335,0335,0335,0335,0334,0336,0201,0334,0334,0334,0336,0201,0335,0335,0335,0336,0201,0334,0334,0334,0336,0201,0335,0335,0335,0336,0201,0334,0334,0334,0336,0201,0300,",
        "w": 1366,
        "h": 672,
        "x0": 683,
        "y0": 464.61532860000017,
        "x0rel": 0,
        "y0rel": 0.4507888805409468,
        "unit": 285.3116706110003,
        "imgurl": "",
        "imgw": 2,
        "imgleft": -1,
        "imgtop": -1
    },
    {
        "shapes": [
            "0250:0335,0305,0311,0337,0350,0201,0334,0334,0334,0334,0336,0201,0334,0334,0201,0331,0334,0336,0201,0335,0335,0335,0336,0201,0334,0334,0334,0336,0201,0335,0335,0335,0336,0201,0334,0334,0334,0336,0201,0335,0335,0335,0336,0201,0300,",
            "0600:074,0163,0160,0141,0156,040,0163,0164,0171,0154,0145,040,075,040,042,0143,0157,0154,0157,0162,072,0162,0145,0144,042,076,044,0134,0163,0161,0162,0164,0173,062,0175,044,074,057,0163,0160,0141,0156,076,",
            "0601:074,0163,0160,0141,0156,040,0163,0164,0171,0154,0145,040,075,040,042,0143,0157,0154,0157,0162,072,0142,0154,0165,0145,042,076,044,0134,0146,0162,0141,0143,0173,061,0175,0173,0134,0163,0161,0162,0164,0173,062,0175,0175,044,074,057,0163,0160,0141,0156,076,",
            "0602:074,0163,0160,0141,0156,040,0163,0164,0171,0154,0145,040,075,040,042,0143,0157,0154,0157,0162,072,0147,0162,0145,0145,0156,042,076,044,0134,0146,0162,0141,0143,0173,061,0175,0173,062,0175,044,074,057,0163,0160,0141,0156,076,",
            "0603:074,0163,0160,0141,0156,040,0163,0164,0171,0154,0145,040,075,040,042,0143,0157,0154,0157,0162,072,0160,0165,0162,0160,0154,0145,042,076,044,0134,0146,0162,0141,0143,0173,061,0175,0173,062,0134,0163,0161,0162,0164,0173,062,0175,0175,044,074,057,0163,0160,0141,0156,076,040,",
            "0604:074,0163,0160,0141,0156,040,0163,0164,0171,0154,0145,040,075,040,042,0143,0157,0154,0157,0162,072,0157,0162,0141,0156,0147,0145,042,076,044,0134,0146,0162,0141,0143,0173,061,0175,0173,070,0175,044,074,057,0163,0160,0141,0156,076,040,",
            "0605:044,064,065,0136,0173,0134,0143,0151,0162,0143,0175,044,040,"
        ],
        "glyph": "0335,0305,0311,0337,0350,0201,0334,0334,0334,0334,0336,0201,0334,0334,0201,0331,0334,0336,0201,0335,0335,0335,0336,0201,0334,0334,0334,0336,0201,0335,0335,0335,0336,0201,0334,0334,0334,0336,0201,0335,0335,0335,0336,0201,0300,",
        "w": 1366,
        "h": 672,
        "x0": 243.6200272590595,
        "y0": 524.3057026032602,
        "x0rel": -1.0518407212622087,
        "y0rel": 0.4507888805409466,
        "unit": 417.7248169415656,
        "imgurl": "",
        "imgw": 2,
        "imgleft": -1,
        "imgtop": -1
    },
    {
        "shapes": [
            "0250:0335,0306,0201,0334,0334,0201,0334,0334,0201,0331,0336,0330,0334,0201,0334,0334,0201,0334,0334,0201,0335,0335,0335,0336,0330,0335,0335,0201,0334,0334,0201,0334,0334,0201,0336,0331,0334,0201,0334,0334,0201,0334,0334,0201,0336,0331,0334,0201,0334,0334,0201,0334,0334,0201,0336,0331,0334,0201,0334,0334,0201,0334,0334,0201,0300,",
            "0600:074,0163,0160,0141,0156,040,0163,0164,0171,0154,0145,040,075,040,042,0143,0157,0154,0157,0162,072,0162,0145,0144,042,076,044,0134,0163,0161,0162,0164,0173,062,0175,044,074,057,0163,0160,0141,0156,076,",
            "0601:074,0163,0160,0141,0156,040,0163,0164,0171,0154,0145,040,075,040,042,0143,0157,0154,0157,0162,072,0142,0154,0165,0145,042,076,044,0134,0146,0162,0141,0143,0173,061,0175,0173,0134,0163,0161,0162,0164,0173,062,0175,0175,044,074,057,0163,0160,0141,0156,076,",
            "0602:074,0163,0160,0141,0156,040,0163,0164,0171,0154,0145,040,075,040,042,0143,0157,0154,0157,0162,072,0147,0162,0145,0145,0156,042,076,044,0134,0146,0162,0141,0143,0173,061,0175,0173,062,0175,044,074,057,0163,0160,0141,0156,076,",
            "0603:074,0163,0160,0141,0156,040,0163,0164,0171,0154,0145,040,075,040,042,0143,0157,0154,0157,0162,072,0160,0165,0162,0160,0154,0145,042,076,044,0134,0146,0162,0141,0143,0173,061,0175,0173,062,0134,0163,0161,0162,0164,0173,062,0175,0175,044,074,057,0163,0160,0141,0156,076,040,",
            "0604:074,0163,0160,0141,0156,040,0163,0164,0171,0154,0145,040,075,040,042,0143,0157,0154,0157,0162,072,0157,0162,0141,0156,0147,0145,042,076,044,0134,0146,0162,0141,0143,0173,061,0175,0173,070,0175,044,074,057,0163,0160,0141,0156,076,040,",
            "0605:044,064,065,0136,0173,0134,0143,0151,0162,0143,0175,044,040,"
        ],
        "glyph": "0335,0306,0201,0334,0334,0201,0334,0334,0201,0331,0336,0330,0334,0201,0334,0334,0201,0334,0334,0201,0335,0335,0335,0336,0330,0335,0335,0201,0334,0334,0201,0334,0334,0201,0336,0331,0334,0201,0334,0334,0201,0334,0334,0201,0336,0331,0334,0201,0334,0334,0201,0334,0334,0201,0336,0331,0334,0201,0334,0334,0201,0334,0334,0201,0300,",
        "w": 1366,
        "h": 672,
        "x0": 361.9105943001411,
        "y0": 496,
        "x0rel": -0.6352582715802969,
        "y0rel": 0.31655147024021596,
        "unit": 505.4470284992945,
        "imgurl": "",
        "imgw": 2,
        "imgleft": -1,
        "imgtop": -1
    },
    {
        "shapes": [
            "0250:0312,0342,0334,0337,0201,0335,0335,0306,0350,0334,0336,0313,0337,0342,",
            "0600:074,0163,0160,0141,0156,040,0163,0164,0171,0154,0145,040,075,040,042,0143,0157,0154,0157,0162,072,0162,0145,0144,042,076,044,0134,0163,0161,0162,0164,0173,062,0175,044,074,057,0163,0160,0141,0156,076,",
            "0601:074,0163,0160,0141,0156,040,0163,0164,0171,0154,0145,040,075,040,042,0143,0157,0154,0157,0162,072,0142,0154,0165,0145,042,076,044,0134,0146,0162,0141,0143,0173,061,0175,0173,0134,0163,0161,0162,0164,0173,062,0175,0175,044,074,057,0163,0160,0141,0156,076,",
            "0602:074,0163,0160,0141,0156,040,0163,0164,0171,0154,0145,040,075,040,042,0143,0157,0154,0157,0162,072,0147,0162,0145,0145,0156,042,076,044,0134,0146,0162,0141,0143,0173,061,0175,0173,062,0175,044,074,057,0163,0160,0141,0156,076,",
            "0603:074,0163,0160,0141,0156,040,0163,0164,0171,0154,0145,040,075,040,042,0143,0157,0154,0157,0162,072,0160,0165,0162,0160,0154,0145,042,076,044,0134,0146,0162,0141,0143,0173,061,0175,0173,062,0134,0163,0161,0162,0164,0173,062,0175,0175,044,074,057,0163,0160,0141,0156,076,040,",
            "0604:074,0163,0160,0141,0156,040,0163,0164,0171,0154,0145,040,075,040,042,0143,0157,0154,0157,0162,072,0157,0162,0141,0156,0147,0145,042,076,044,0134,0146,0162,0141,0143,0173,061,0175,0173,070,0175,044,074,057,0163,0160,0141,0156,076,040,",
            "0605:044,064,065,0136,0173,0134,0143,0151,0162,0143,0175,044,040,"
        ],
        "glyph": "0312,0342,0334,0337,0201,0335,0335,0306,0350,0334,0336,0313,0337,0342,",
        "w": 1366,
        "h": 672,
        "x0": 683,
        "y0": 496,
        "x0rel": 0,
        "y0rel": 0.6168692630872502,
        "unit": 259.37424601000026,
        "imgurl": "",
        "imgw": 2,
        "imgleft": -1,
        "imgtop": -1
    }
]