[
    {
        "shapes": [
            "0220:0324,0347,0320,0336,0336,0332,0332,0143,0162,0145,0141,0164,0157,0162,0365,0333,0333,0337,0337,",
            "0221:0336,0331,0337,0321,0204,0333,0204,0320,0201,0334,0201,0201,0334,0201,0334,0201,0334,0335,0201,0334,0332,0336,0330,0332,0336,0331,0332,0330,0160,0141,0147,0145,040,0163,0164,0162,0165,0143,0164,0165,0162,0145,0310,0336,0365,0337,0313,0333,0333,0333,0337,0331,0336,0337,0330,0337,",
            "0222:0332,0336,0332,0337,0306,0350,0335,0306,0312,0336,0327,0362,0203,0335,0203,0203,0203,0203,0335,0203,0335,0203,0335,0203,0203,0203,0203,0335,0203,0363,0334,0326,0304,0335,0337,0313,0336,0333,0336,0331,0330,0122,0157,0157,0164,040,0115,0141,0147,0151,0143,0336,0331,0333,0337,0365,0320,0333,0333,0333,0336,0330,0333,0337,0337,0337,",
            "0223:0336,0331,0337,0332,0204,0333,0204,0333,0204,0333,0204,0332,0332,0321,0336,0330,0332,0332,0332,0331,0336,0332,0332,0337,0337,0113,0145,0171,0142,0157,0141,0162,0144,0336,0336,0330,0333,0333,0337,0365,0333,0333,0320,0336,0330,0333,0333,0337,0337,",
            "0224:0333,0331,0337,0326,0204,0321,0336,0330,0332,0336,0330,0332,0336,0331,0337,0123,0150,0141,0160,0145,0310,0336,0365,0337,0313,0331,0336,0331,0337,0124,0141,0142,0154,0145,0310,0336,0365,0337,0313,0320,0330,0333,0337,",
            "0225:0322,0204,0333,0204,0331,0204,0332,0204,0321,0332,0336,0336,0242,0242,0242,0242,0330,0330,0330,0330,0330,0330,0330,0330,0335,0335,0242,0242,0242,0242,0335,0335,0331,0331,0331,0333,0333,0101,0143,0164,0151,0157,0156,0365,0331,0331,0124,0141,0142,0154,0145,0365,0320,0333,0333,0330,0337,0337,",
            "0226:0336,0331,0337,0336,0336,0336,0332,0337,0337,0337,0326,0332,0243,0336,0336,0336,0333,0337,0204,0336,0330,0335,0337,0337,0337,0243,0243,0335,0336,0336,0336,0332,0331,0333,0332,0332,0333,0333,0337,0204,0336,0332,0337,0330,0337,0337,0243,0335,0336,0336,0336,0332,0330,0337,0337,0337,0243,0243,0335,0336,0336,0331,0336,0330,0337,0204,0333,0333,0333,0333,0333,0333,0333,0333,0333,0204,0330,0330,0332,0332,0332,0332,0332,0332,0332,0332,0330,0336,0330,0337,0104,0141,0164,0141,0365,0331,0331,0123,0164,0162,0165,0143,0164,0165,0162,0145,0163,0365,0320,0333,0333,0333,0330,0336,0330,0337,0337,0337,",
            "0227:0334,0336,0332,0337,0335,0324,0204,0333,0204,0332,0332,0334,0311,0335,0305,0334,0337,0362,0203,0335,0335,0203,0335,0350,0335,0336,0203,0363,0334,0334,0334,0335,0335,0335,0335,0335,0334,0334,0304,0334,0330,0330,0334,0305,0335,0337,0362,0203,0334,0334,0203,0350,0334,0334,0334,0336,0203,0363,0313,0304,0335,0335,0320,0336,0330,0332,0332,0332,0332,0336,0331,0333,0337,01123,01164,01171,01154,01145,0332,0332,0337,0336,0336,0336,0336,0336,0330,0330,0330,0330,0330,0330,0330,0330,0333,0333,0333,0332,0337,0337,0337,0337,0337,",
            "0230:0211,0211,0326,0347,0210,0210,0321,0347,0320,0336,0332,0336,0332,0337,0103,0157,0156,0164,0145,0156,0164,0310,0336,0365,0337,0313,0333,0337,0336,0336,0336,0336,0333,0333,0333,0336,0333,0333,0337,0337,0337,0337,0337,",
            "0231:0336,0336,0330,0337,0337,0336,0330,0335,0337,0322,0306,0201,0335,0335,0201,0201,0335,0335,0201,0201,0335,0335,0201,0304,0334,0320,0336,0331,0337,0336,0332,0336,0331,0337,0103,0157,0144,0145,0310,0336,0365,0337,0313,0333,0337,",
            "0232:0220,0330,0330,0221,0330,0330,0222,0330,0330,0223,0330,0330,0225,0330,0330,0226,0330,0330,0227,0330,0330,0230,0330,0330,0231,",
            "0242:0350,0335,0362,0203,0335,0203,0335,0335,0335,0203,0335,0203,0335,0335,0363,0304,0333,0333,",
            "0243:0336,0336,0336,0332,0337,0337,0337,0362,0203,0335,0336,0336,0203,0335,0337,0337,0203,0335,0336,0336,0203,0335,0336,0333,0337,0337,0337,0330,0363,",
            "0250:0232,"
        ],
        "glyph": "0232,",
        "w": 1357,
        "h": 672,
        "x0": 678.5,
        "y0": 586,
        "x0rel": 0,
        "y0rel": 7.846070941802507,
        "unit": 31.863081771035652,
        "imgurl": "",
        "imgw": 2,
        "imgleft": -1,
        "imgtop": -1
    },
    {
        "shapes": [
            "0220:060,072,0143,0162,0145,0141,0164,0157,0162,0365,0330,0330,",
            "0221:060,061,055,060,065,072,040,0151,0156,0144,0145,0170,056,0150,0164,0155,0154,0365,0330,0330,",
            "0222:060,066,055,060,063,067,072,040,0122,0157,0157,0164,040,0115,0141,0147,0151,0143,0365,0330,0330,",
            "0223:060,064,060,055,060,061,067,066,072,040,0113,0145,0171,0142,0157,0141,0162,0144,057,0146,0157,0156,0164,0365,0330,0330,",
            "0224:060,061,067,067,072,040,0104,0157,040,0156,0157,0164,0150,0151,0156,0147,0365,0330,0330,",
            "0225:060,062,060,060,055,060,062,067,067,072,040,0123,0150,0141,0160,0145,040,0124,0141,0142,0154,0145,0365,0330,0330,",
            "0226:060,063,060,060,055,060,063,067,067,072,0107,0145,0157,0155,0145,0164,0162,0171,040,0101,0143,0164,0151,0157,0156,0163,0365,0330,0330,",
            "0227:060,064,060,060,055,060,064,067,067,072,0104,0141,0164,0141,040,0123,0164,0162,0165,0143,0164,0165,0162,0145,0163,0133,0112,0123,0117,0116,0135,0365,0330,0330,",
            "0230:060,065,060,060,055,060,065,067,067,072,040,0123,0164,0171,0154,0145,0163,050,0103,0123,0123,051,0365,0330,0330,",
            "0231:060,066,060,060,055,060,066,067,067,072,040,0103,0157,0156,0164,0145,0156,0164,050,0110,0124,0115,0114,051,0365,0330,0330,",
            "0232:060,067,060,060,072,040,0106,0165,0156,0143,0164,0151,0157,0156,0163,050,0152,0141,0166,0141,0123,0143,0162,0151,0160,0164,051,0365,0330,0330,",
            "0233:01060,01061,01060,01060,01060,01055,0322,01060,01061,01067,01067,01067,0323,01072,0331,0331,0331,0332,0332,0332,0332,0332,0330,01123,01171,01155,01142,01157,01154,01163,0331,0331,0332,0332,0332,0332,0333,0333,0324,01050,01107,01145,01157,0325,01155,01145,01164,01162,01157,01156,0326,01040,0331,0331,0332,0332,0332,0332,0332,0332,0332,0331,0333,01102,01171,01164,01145,0327,01143,01157,01144,01145,01051,",
            "0260:0220,0221,0222,0223,0224,0225,0226,0227,0230,0231,0232,0337,0337,0333,0333,0333,0333,0333,0333,0336,0336,0331,0331,0332,0332,0332,0331,0332,0333,0233,0320,0337,0337,0331,0332,0332,0332,0331,0332,0337,0337,0342,0330,0336,0336,0330,0332,0332,0332,0332,0336,0330,0337,0101,0144,0144,0162,0145,0163,0163,040,0123,0164,0162,0165,0143,0164,0165,0162,0145,0336,0333,0333,0331,0365,"
        ],
        "glyph": "0220,0221,0222,0223,0224,0225,0226,0227,0230,0231,0232,0337,0337,0333,0333,0333,0333,0333,0333,0336,0336,0331,0331,0332,0332,0332,0331,0332,0333,0233,0320,0337,0337,0331,0332,0332,0332,0331,0332,0337,0337,0342,0330,0336,0336,0330,0332,0332,0332,0332,0336,0330,0337,0101,0144,0144,0162,0145,0163,0163,040,0123,0164,0162,0165,0143,0164,0165,0162,0145,0336,0333,0333,0331,0365,",
        "w": 1363,
        "h": 672,
        "x0": 331.5,
        "y0": 586,
        "x0rel": -17.690645997475308,
        "y0rel": 12.63617571248236,
        "unit": 19.784466890013498,
        "imgurl": "",
        "imgw": 2,
        "imgleft": -1,
        "imgtop": -1
    }
]