//action geometry book table

currentTable[0500] = "0150,0164,0164,0160,0163,072,057,057,0151,056,0151,0155,0147,0165,0162,056,0143,0157,0155,057,0127,067,061,0167,061,071,0142,056,0160,0156,0147,";
currentTable[01500] = "0164,0162,0151,0147,040,061,";

currentTable[0501] = "0150,0164,0164,0160,0163,072,057,057,0151,056,0151,0155,0147,0165,0162,056,0143,0157,0155,057,066,0143,0145,0106,063,0144,0161,056,0160,0156,0147,";
currentTable[01501] = "0143,0157,0155,0160,0141,0163,";

currentTable[0502] = "0150,0164,0164,0160,0163,072,057,057,0151,056,0151,0155,0147,0165,0162,056,0143,0157,0155,057,0103,0104,0113,0141,066,070,0166,056,0160,0156,0147,";
currentTable[01502] = "0160,0141,0162,0163,0145,0143,";

currentTable[0503] = "0150,0164,0164,0160,0163,072,057,057,0151,056,0151,0155,0147,0165,0162,056,0143,0157,0155,057,0163,0167,0110,0126,0164,060,0166,056,0160,0156,0147,";
currentTable[01503] = "0163,0143,0151,0163,0163,0157,0162,0163,";

currentTable[0504] = "0150,0164,0164,0160,0163,072,057,057,0151,056,0151,0155,0147,0165,0162,056,0143,0157,0155,057,0143,065,0117,0150,0122,0104,070,056,0160,0156,0147,";
currentTable[01504] = "0162,0165,0154,0145,0162,";