[
    {
        "shapes": [
            "0220:0304,0330,0332,0332,0332,0336,0330,0333,01107,01145,01157,01155,01145,01164,01162,01157,01156,01072,0332,0332,0332,0332,0332,0332,0331,0331,01107,01145,01157,01155,01145,01164,01162,01151,01143,01040,0331,0332,0331,0332,0332,0332,0332,0332,01101,01162,01164,01040,0331,0332,0331,0332,01114,01141,01156,01147,01165,01141,01147,01145,",
            "0221:0306,0201,0335,0335,0201,0335,0335,0201,0335,0335,0336,0330,0335,",
            "0222:0221,0221,0221,0221,0221,0221,0221,",
            "0223:0220,0332,0332,0332,0332,0332,0332,0332,0332,0332,0332,0331,0331,0331,0337,0337,0221,0221,0221,0221,0221,0221,0221,0221,0221,0221,0221,0221,0221,0221,0221,0337,0337,0337,0337,0337,0337,0337,0337,0337,0337,0337,0337,0337,0335,0335,0335,0337,0304,0333,0333,0331,0333,0200,0336,0200,0336,0200,0336,0200,0336,0200,0336,0200,0336,0200,0336,0200,0337,0337,0337,0337,0337,0337,0337,0337,0200,0336,0336,0331,0331,0331,0337,0305,0201,0335,0201,0335,0201,0335,0201,0335,0201,0311,0335,0335,0337,0201,0334,0334,0201,0334,0334,0201,0334,0334,0201,0334,0334,0201,0334,0334,0336,0330,0334,0334,0336,0201,0335,0335,0201,0335,0335,0201,0335,0335,0201,0335,0335,0201,0335,0335,0336,0330,0335,0335,0336,0201,0334,0334,0201,0334,0334,0201,0334,0334,0201,0334,0334,0201,0334,0334,0336,0330,0334,0334,0336,0201,0335,0335,0201,0335,0335,0201,0335,0335,0201,0335,0335,0201,0335,0335,0335,0304,0337,0337,0337,0337,0337,0313,0337,0336,0336,0332,0332,0332,0332,0332,0332,0332,0332,0332,0332,0330,0154,0145,0141,0162,0156,040,0146,0157,0162,040,0146,0162,0145,0145,0331,041,0365,"
        ],
        "glyph": "0220,0332,0332,0332,0332,0332,0332,0332,0332,0332,0332,0331,0331,0331,0337,0337,0221,0221,0221,0221,0221,0221,0221,0221,0221,0221,0221,0221,0221,0221,0221,0337,0337,0337,0337,0337,0337,0337,0337,0337,0337,0337,0337,0337,0335,0335,0335,0337,0304,0333,0333,0331,0333,0200,0336,0200,0336,0200,0336,0200,0336,0200,0336,0200,0336,0200,0336,0200,0337,0337,0337,0337,0337,0337,0337,0337,0200,0336,0336,0331,0331,0331,0337,0305,0201,0335,0201,0335,0201,0335,0201,0335,0201,0311,0335,0335,0337,0201,0334,0334,0201,0334,0334,0201,0334,0334,0201,0334,0334,0201,0334,0334,0336,0330,0334,0334,0336,0201,0335,0335,0201,0335,0335,0201,0335,0335,0201,0335,0335,0201,0335,0335,0336,0330,0335,0335,0336,0201,0334,0334,0201,0334,0334,0201,0334,0334,0201,0334,0334,0201,0334,0334,0336,0330,0334,0334,0336,0201,0335,0335,0201,0335,0335,0201,0335,0335,0201,0335,0335,0201,0335,0335,0335,0304,0337,0337,0337,0337,0337,0313,0337,0336,0336,0332,0332,0332,0332,0332,0332,0332,0332,0332,0332,0330,0154,0145,0141,0162,0156,040,0146,0157,0162,040,0146,0162,0145,0145,0331,041,0365,",
        "w": 600,
        "h": 780,
        "x0": 678.5,
        "y0": 174.5,
        "x0rel": 0,
        "y0rel": -1.5,
        "unit": 100,
        "imgurl": "",
        "imgw": 2,
        "imgleft": -1,
        "imgtop": -1
    }
]