[
    {
        "shapes": [
            "0220:0330,0330,0332,0332,0332,0336,0123,0143,0141,0154,0151,0156,0147,040,0157,0146,040,0116,0145,0164,0167,0157,0162,0153,0163,0365,0331,0331,0332,0331,0331,0337,0326,0347,0320,0333,0336,0333,0330,0336,0330,0332,0332,0105,0141,0162,0164,0150,072,061,060,040,0142,0151,0154,0154,0151,0157,0156,040,0150,0165,0155,0141,0156,0163,0365,0331,0333,0333,0333,0331,0333,0331,0333,0333,0322,061,060,060,040,0142,0151,0154,0154,0151,0157,0156,040,0167,0145,0142,040,0144,0145,0166,0151,0143,0145,0163,0365,0331,0331,0331,0331,0333,0333,0333,0333,0330,0327,061,055,061,060,040,0107,0151,0147,0141,0142,0171,0164,0145,040,0160,0145,0162,040,0144,0145,0166,0151,0143,0145,0365,0331,0331,0331,0331,0337,0332,0332,0332,0332,0325,061,060,040,0107,0151,0147,0141,0142,0171,0164,0145,0163,057,0150,0165,0155,0141,0156,0336,0332,0365,0332,0336,0333,0337,0201,0336,0201,0335,0337,0337,0201,0201,0201,0201,0201,0201,0336,0201,0335,0337,0201,0335,0201,0201,0201,0201,0201,0201,0336,0201,0335,0336,0201,0320,0337,0304,0304,",
            "0600:074,0144,0151,0166,040,0163,0164,0171,0154,0145,040,075,040,042,0146,0157,0156,0164,055,0163,0151,0172,0145,072,061,070,0160,0170,073,0146,0157,0156,0164,055,0146,0141,0155,0151,0154,0171,072,0143,0157,0165,0162,0151,0145,0162,073,0167,0151,0144,0164,0150,072,065,060,060,0160,0170,073,0150,0145,0151,0147,0150,0164,072,065,060,060,0160,0170,073,042,076,012,074,0165,0154,076,012,074,0154,0151,076,0163,0150,0141,0160,0145,0163,074,057,0154,0151,076,012,074,0154,0151,076,0143,0157,0156,0143,0145,0160,0164,0163,074,057,0154,0151,076,012,074,0154,0151,076,0151,0155,0141,0147,0145,0163,074,057,0154,0151,076,012,074,0154,0151,076,0155,0141,0160,0163,074,057,0154,0151,076,012,074,0154,0151,076,0163,0165,0160,0160,0154,0171,040,0143,0150,0141,0151,0156,0163,074,057,0154,0151,076,012,074,0154,0151,076,0155,0141,0143,0150,0151,0156,0145,0163,074,057,0154,0151,076,012,074,0154,0151,076,0163,0164,0157,0162,0151,0145,0163,074,057,0154,0151,076,012,074,0154,0151,076,0163,0171,0155,0142,0157,0154,0163,074,057,0154,0151,076,012,074,0154,0151,076,0160,0145,0157,0160,0154,0145,074,057,0154,0151,076,040,012,074,0154,0151,076,0145,0143,0157,0163,0171,0163,0164,0145,0155,0163,074,057,0154,0151,076,012,074,0154,0151,076,0167,0141,0164,0145,0162,0163,0150,0145,0144,0163,074,057,0154,0151,076,012,074,0154,0151,076,0162,0145,0154,0151,0147,0151,0157,0156,0163,074,057,0154,0151,076,012,074,0154,0151,076,0141,0156,0151,0155,0141,0154,0163,074,057,0154,0151,076,040,012,074,0154,0151,076,0143,0141,0154,0143,0165,0154,0141,0164,0157,0162,0163,074,057,0154,0151,076,012,074,0154,0151,076,0167,0157,0162,0154,0144,040,0166,0151,0145,0167,0163,074,057,0154,0151,076,012,074,057,0165,0154,076,012,074,057,0144,0151,0166,076,",
            "0601:044,0134,0141,0160,0160,0162,0157,0170,040,0134,0146,0162,0141,0143,0173,061,0175,0173,061,060,060,060,060,0175,0134,0164,0145,0170,0164,0162,0155,0173,0107,0142,0175,044,040,",
            "0602:074,0144,0151,0166,040,0163,0164,0171,0154,0145,040,075,040,042,0146,0157,0156,0164,055,0163,0151,0172,0145,072,061,070,0160,0170,073,0146,0157,0156,0164,055,0146,0141,0155,0151,0154,0171,072,0143,0157,0165,0162,0151,0145,0162,073,0167,0151,0144,0164,0150,072,065,060,060,0160,0170,073,0150,0145,0151,0147,0150,0164,072,065,060,060,0160,0170,073,042,076,012,074,0165,0154,076,012,074,0154,0151,076,0123,0145,0162,0166,0145,0162,040,0146,0141,0162,0155,0163,074,057,0154,0151,076,012,074,0154,0151,076,0103,0145,0156,0164,0162,0141,0154,0151,0172,0145,0144,040,0104,0141,0164,0141,040,0103,0145,0156,0164,0145,0162,0163,074,057,0154,0151,076,012,074,0154,0151,076,0103,0145,0156,0164,0162,0141,0154,0151,0172,0145,0144,040,0127,0145,0142,040,0123,0145,0162,0166,0145,0162,0163,040,0167,0151,0164,0150,040,0150,0151,0147,0150,040,0102,0141,0156,0144,0167,0151,0144,0164,0150,074,057,0154,0151,076,012,074,0154,0151,076,0103,0145,0156,0164,0162,0141,0154,0151,0172,0145,0144,040,074,0151,076,0141,0156,0171,0164,0150,0151,0156,0147,074,057,0151,076,074,057,0154,0151,076,012,074,057,0165,0154,076,040,012,074,057,0144,0151,0166,076,"
        ],
        "glyph": "0330,0330,0332,0332,0332,0336,0123,0143,0141,0154,0151,0156,0147,040,0157,0146,040,0116,0145,0164,0167,0157,0162,0153,0163,0365,0331,0331,0332,0331,0331,0337,0326,0347,0320,0333,0336,0333,0330,0336,0330,0332,0332,0105,0141,0162,0164,0150,072,061,060,040,0142,0151,0154,0154,0151,0157,0156,040,0150,0165,0155,0141,0156,0163,0365,0331,0333,0333,0333,0331,0333,0331,0333,0333,0322,061,060,060,040,0142,0151,0154,0154,0151,0157,0156,040,0167,0145,0142,040,0144,0145,0166,0151,0143,0145,0163,0365,0331,0331,0331,0331,0333,0333,0333,0333,0330,0327,061,055,061,060,040,0107,0151,0147,0141,0142,0171,0164,0145,040,0160,0145,0162,040,0144,0145,0166,0151,0143,0145,0365,0331,0331,0331,0331,0337,0332,0332,0332,0332,0325,061,060,040,0107,0151,0147,0141,0142,0171,0164,0145,0163,057,0150,0165,0155,0141,0156,0336,0332,0365,0332,0336,0333,0337,0201,0336,0201,0335,0337,0337,0201,0201,0201,0201,0201,0201,0336,0201,0335,0337,0201,0335,0201,0201,0201,0201,0201,0201,0336,0201,0335,0336,0201,0320,0337,0304,0304,",
        "w": 1357,
        "h": 672,
        "x0": 678.5,
        "y0": 336,
        "x0rel": 0,
        "y0rel": 0,
        "unit": 100,
        "imgurl": "",
        "imgw": 2,
        "imgleft": -1,
        "imgtop": -1
    },
    {
        "shapes": [
            "0220:0330,0330,0332,0332,0332,0336,0101,040,0106,0151,0154,0145,040,0151,0163,040,0141,040,0125,0156,0151,0166,0145,0162,0163,0145,0365,0331,0331,0333,0600,0330,0330,0370,0333,0333,0333,0333,0331,0336,0330,0335,0337,0366,0333,0333,0335,0335,0331,0332,0367,0366,0335,0335,0331,0333,0333,0333,0367,0332,0332,0332,0334,0333,0336,0331,0333,0336,0330,0332,0337,0107,0145,0157,0155,0145,0164,0162,0157,0156,040,0110,0171,0160,0145,0162,0143,0165,0142,0145,0336,0333,0333,0337,0333,0330,0336,0331,0333,0331,0337,0365,0332,0332,0332,0336,0333,0337,0201,0335,0201,0336,0201,0334,0331,0333,0333,0337,0350,0334,0310,0337,0342,0334,0334,0342,0335,0335,0330,0334,0336,0304,0334,0336,0336,0313,0201,0330,0330,0342,0335,0201,0201,0201,0335,0337,0331,0331,0333,0333,0333,0333,0333,0333,0333,0601,0330,0330,0332,0332,0337,0337,0337,0371,0331,",
            "0600:074,0144,0151,0166,040,0163,0164,0171,0154,0145,040,075,040,042,0146,0157,0156,0164,055,0163,0151,0172,0145,072,061,070,0160,0170,073,0146,0157,0156,0164,055,0146,0141,0155,0151,0154,0171,072,0143,0157,0165,0162,0151,0145,0162,073,0167,0151,0144,0164,0150,072,065,060,060,0160,0170,073,0150,0145,0151,0147,0150,0164,072,065,060,060,0160,0170,073,042,076,012,074,0165,0154,076,012,074,0154,0151,076,0163,0150,0141,0160,0145,0163,074,057,0154,0151,076,012,074,0154,0151,076,0143,0157,0156,0143,0145,0160,0164,0163,074,057,0154,0151,076,012,074,0154,0151,076,0151,0155,0141,0147,0145,0163,074,057,0154,0151,076,012,074,0154,0151,076,0155,0141,0160,0163,074,057,0154,0151,076,012,074,0154,0151,076,0163,0165,0160,0160,0154,0171,040,0143,0150,0141,0151,0156,0163,074,057,0154,0151,076,012,074,0154,0151,076,0155,0141,0143,0150,0151,0156,0145,0163,074,057,0154,0151,076,012,074,0154,0151,076,0163,0164,0157,0162,0151,0145,0163,074,057,0154,0151,076,012,074,0154,0151,076,0163,0171,0155,0142,0157,0154,0163,074,057,0154,0151,076,012,074,0154,0151,076,0160,0145,0157,0160,0154,0145,074,057,0154,0151,076,040,012,074,0154,0151,076,0145,0143,0157,0163,0171,0163,0164,0145,0155,0163,074,057,0154,0151,076,012,074,0154,0151,076,0167,0141,0164,0145,0162,0163,0150,0145,0144,0163,074,057,0154,0151,076,012,074,0154,0151,076,0162,0145,0154,0151,0147,0151,0157,0156,0163,074,057,0154,0151,076,012,074,0154,0151,076,0141,0156,0151,0155,0141,0154,0163,074,057,0154,0151,076,040,012,074,0154,0151,076,0143,0141,0154,0143,0165,0154,0141,0164,0157,0162,0163,074,057,0154,0151,076,012,074,0154,0151,076,0167,0157,0162,0154,0144,040,0166,0151,0145,0167,0163,074,057,0154,0151,076,012,074,057,0165,0154,076,012,074,057,0144,0151,0166,076,",
            "0601:044,0134,0141,0160,0160,0162,0157,0170,040,0134,0146,0162,0141,0143,0173,061,0175,0173,061,060,060,060,060,0175,0134,0164,0145,0170,0164,0162,0155,0173,0107,0142,0175,044,040,",
            "0602:074,0144,0151,0166,040,0163,0164,0171,0154,0145,040,075,040,042,0146,0157,0156,0164,055,0163,0151,0172,0145,072,061,070,0160,0170,073,0146,0157,0156,0164,055,0146,0141,0155,0151,0154,0171,072,0143,0157,0165,0162,0151,0145,0162,073,0167,0151,0144,0164,0150,072,065,060,060,0160,0170,073,0150,0145,0151,0147,0150,0164,072,065,060,060,0160,0170,073,042,076,012,074,0165,0154,076,012,074,0154,0151,076,0123,0145,0162,0166,0145,0162,040,0146,0141,0162,0155,0163,074,057,0154,0151,076,012,074,0154,0151,076,0103,0145,0156,0164,0162,0141,0154,0151,0172,0145,0144,040,0104,0141,0164,0141,040,0103,0145,0156,0164,0145,0162,0163,074,057,0154,0151,076,012,074,0154,0151,076,0103,0145,0156,0164,0162,0141,0154,0151,0172,0145,0144,040,0127,0145,0142,040,0123,0145,0162,0166,0145,0162,0163,040,0167,0151,0164,0150,040,0150,0151,0147,0150,040,0102,0141,0156,0144,0167,0151,0144,0164,0150,074,057,0154,0151,076,012,074,0154,0151,076,0103,0145,0156,0164,0162,0141,0154,0151,0172,0145,0144,040,074,0151,076,0141,0156,0171,0164,0150,0151,0156,0147,074,057,0151,076,074,057,0154,0151,076,012,074,057,0165,0154,076,040,012,074,057,0144,0151,0166,076,"
        ],
        "glyph": "0330,0330,0332,0332,0332,0336,0101,040,0106,0151,0154,0145,040,0151,0163,040,0141,040,0125,0156,0151,0166,0145,0162,0163,0145,0365,0331,0331,0333,0600,0330,0330,0370,0333,0333,0333,0333,0331,0336,0330,0335,0337,0366,0333,0333,0335,0335,0331,0332,0367,0366,0335,0335,0331,0333,0333,0333,0367,0332,0332,0332,0334,0333,0336,0331,0333,0336,0330,0332,0337,0107,0145,0157,0155,0145,0164,0162,0157,0156,040,0110,0171,0160,0145,0162,0143,0165,0142,0145,0336,0333,0333,0337,0333,0330,0336,0331,0333,0331,0337,0365,0332,0332,0332,0336,0333,0337,0201,0335,0201,0336,0201,0334,0331,0333,0333,0337,0350,0334,0310,0337,0342,0334,0334,0342,0335,0335,0330,0334,0336,0304,0334,0336,0336,0313,0201,0330,0330,0342,0335,0201,0201,0201,0335,0337,0331,0331,0333,0333,0333,0333,0333,0333,0333,0601,0330,0330,0332,0332,0337,0337,0337,0371,0331,",
        "w": 1357,
        "h": 672,
        "x0": 678.5,
        "y0": 336,
        "x0rel": 0,
        "y0rel": 0,
        "unit": 100,
        "imgurl": "",
        "imgw": 2,
        "imgleft": -1,
        "imgtop": -1
    },
    {
        "shapes": [
            "0220:0330,0330,0332,0332,0332,0336,0115,0145,0156,0164,0141,0154,040,0125,0156,0151,0166,0145,0162,0163,0145,072,0365,0331,0331,0336,061,060,054,060,060,060,040,0165,0156,0151,0166,0145,0162,0163,0145,0163,040,0160,0145,0162,040,0150,0165,0155,0141,0156,0365,0331,0331,0331,0333,0333,0333,0145,0146,0146,0145,0143,0164,0151,0166,0145,0154,0171,040,0151,0156,0146,0151,0156,0151,0164,0145,040,0130,040,0151,0156,0146,0151,0156,0151,0164,0145,0365,0331,0331,0331,0333,0333,0333,0333,0111,0156,0146,0157,0166,0145,0162,0163,0145,040,0145,0170,0143,0145,0145,0144,0163,040,0150,0165,0155,0141,0156,040,0143,0157,0147,0156,0151,0164,0151,0166,0145,040,0141,0142,0151,0154,0151,0164,0171,0365,0331,0331,0333,0333,0331,0333,0160,0162,0151,0166,0141,0164,0145,040,0160,0162,0157,0160,0145,0162,0164,0171,040,0160,0163,0171,0143,0150,0157,0154,0157,0147,0151,0143,0141,0154,0154,0171,040,0151,0155,0160,0157,0163,0163,0151,0142,0154,0145,041,0365,0332,0332,0332,0335,0336,0336,0330,0332,0337,0337,0337,0201,0335,0335,0336,0336,0306,0350,0335,0306,0362,0203,0334,0334,0203,0334,0334,0203,0363,0334,0304,",
            "0600:074,0144,0151,0166,040,0163,0164,0171,0154,0145,040,075,040,042,0146,0157,0156,0164,055,0163,0151,0172,0145,072,061,070,0160,0170,073,0146,0157,0156,0164,055,0146,0141,0155,0151,0154,0171,072,0143,0157,0165,0162,0151,0145,0162,073,0167,0151,0144,0164,0150,072,065,060,060,0160,0170,073,0150,0145,0151,0147,0150,0164,072,065,060,060,0160,0170,073,042,076,012,074,0165,0154,076,012,074,0154,0151,076,0163,0150,0141,0160,0145,0163,074,057,0154,0151,076,012,074,0154,0151,076,0143,0157,0156,0143,0145,0160,0164,0163,074,057,0154,0151,076,012,074,0154,0151,076,0151,0155,0141,0147,0145,0163,074,057,0154,0151,076,012,074,0154,0151,076,0155,0141,0160,0163,074,057,0154,0151,076,012,074,0154,0151,076,0163,0165,0160,0160,0154,0171,040,0143,0150,0141,0151,0156,0163,074,057,0154,0151,076,012,074,0154,0151,076,0155,0141,0143,0150,0151,0156,0145,0163,074,057,0154,0151,076,012,074,0154,0151,076,0163,0164,0157,0162,0151,0145,0163,074,057,0154,0151,076,012,074,0154,0151,076,0163,0171,0155,0142,0157,0154,0163,074,057,0154,0151,076,012,074,0154,0151,076,0160,0145,0157,0160,0154,0145,074,057,0154,0151,076,040,012,074,0154,0151,076,0145,0143,0157,0163,0171,0163,0164,0145,0155,0163,074,057,0154,0151,076,012,074,0154,0151,076,0167,0141,0164,0145,0162,0163,0150,0145,0144,0163,074,057,0154,0151,076,012,074,0154,0151,076,0162,0145,0154,0151,0147,0151,0157,0156,0163,074,057,0154,0151,076,012,074,0154,0151,076,0141,0156,0151,0155,0141,0154,0163,074,057,0154,0151,076,040,012,074,0154,0151,076,0143,0141,0154,0143,0165,0154,0141,0164,0157,0162,0163,074,057,0154,0151,076,012,074,0154,0151,076,0167,0157,0162,0154,0144,040,0166,0151,0145,0167,0163,074,057,0154,0151,076,012,074,057,0165,0154,076,012,074,057,0144,0151,0166,076,",
            "0601:044,0134,0141,0160,0160,0162,0157,0170,040,0134,0146,0162,0141,0143,0173,061,0175,0173,061,060,060,060,060,0175,0134,0164,0145,0170,0164,0162,0155,0173,0107,0142,0175,044,040,",
            "0602:074,0144,0151,0166,040,0163,0164,0171,0154,0145,040,075,040,042,0146,0157,0156,0164,055,0163,0151,0172,0145,072,061,070,0160,0170,073,0146,0157,0156,0164,055,0146,0141,0155,0151,0154,0171,072,0143,0157,0165,0162,0151,0145,0162,073,0167,0151,0144,0164,0150,072,065,060,060,0160,0170,073,0150,0145,0151,0147,0150,0164,072,065,060,060,0160,0170,073,042,076,012,074,0165,0154,076,012,074,0154,0151,076,0123,0145,0162,0166,0145,0162,040,0146,0141,0162,0155,0163,074,057,0154,0151,076,012,074,0154,0151,076,0103,0145,0156,0164,0162,0141,0154,0151,0172,0145,0144,040,0104,0141,0164,0141,040,0103,0145,0156,0164,0145,0162,0163,074,057,0154,0151,076,012,074,0154,0151,076,0103,0145,0156,0164,0162,0141,0154,0151,0172,0145,0144,040,0127,0145,0142,040,0123,0145,0162,0166,0145,0162,0163,040,0167,0151,0164,0150,040,0150,0151,0147,0150,040,0102,0141,0156,0144,0167,0151,0144,0164,0150,074,057,0154,0151,076,012,074,0154,0151,076,0103,0145,0156,0164,0162,0141,0154,0151,0172,0145,0144,040,074,0151,076,0141,0156,0171,0164,0150,0151,0156,0147,074,057,0151,076,074,057,0154,0151,076,012,074,057,0165,0154,076,040,012,074,057,0144,0151,0166,076,"
        ],
        "glyph": "0330,0330,0332,0332,0332,0336,0115,0145,0156,0164,0141,0154,040,0125,0156,0151,0166,0145,0162,0163,0145,072,0365,0331,0331,0336,061,060,054,060,060,060,040,0165,0156,0151,0166,0145,0162,0163,0145,0163,040,0160,0145,0162,040,0150,0165,0155,0141,0156,0365,0331,0331,0331,0333,0333,0333,0145,0146,0146,0145,0143,0164,0151,0166,0145,0154,0171,040,0151,0156,0146,0151,0156,0151,0164,0145,040,0130,040,0151,0156,0146,0151,0156,0151,0164,0145,0365,0331,0331,0331,0333,0333,0333,0333,0111,0156,0146,0157,0166,0145,0162,0163,0145,040,0145,0170,0143,0145,0145,0144,0163,040,0150,0165,0155,0141,0156,040,0143,0157,0147,0156,0151,0164,0151,0166,0145,040,0141,0142,0151,0154,0151,0164,0171,0365,0331,0331,0333,0333,0331,0333,0160,0162,0151,0166,0141,0164,0145,040,0160,0162,0157,0160,0145,0162,0164,0171,040,0160,0163,0171,0143,0150,0157,0154,0157,0147,0151,0143,0141,0154,0154,0171,040,0151,0155,0160,0157,0163,0163,0151,0142,0154,0145,041,0365,0332,0332,0332,0335,0336,0336,0330,0332,0337,0337,0337,0201,0335,0335,0336,0336,0306,0350,0335,0306,0362,0203,0334,0334,0203,0334,0334,0203,0363,0334,0304,",
        "w": 1357,
        "h": 672,
        "x0": 678.5,
        "y0": 336,
        "x0rel": 0,
        "y0rel": 0,
        "unit": 100,
        "imgurl": "",
        "imgw": 2,
        "imgleft": -1,
        "imgtop": -1
    },
    {
        "shapes": [
            "0220:0330,0330,0332,0332,0332,0336,0127,0150,0141,0164,047,0163,040,0115,0151,0163,0163,0151,0156,0147,077,0365,0331,0331,0333,0602,0330,0370,",
            "0600:074,0144,0151,0166,040,0163,0164,0171,0154,0145,040,075,040,042,0146,0157,0156,0164,055,0163,0151,0172,0145,072,061,070,0160,0170,073,0146,0157,0156,0164,055,0146,0141,0155,0151,0154,0171,072,0143,0157,0165,0162,0151,0145,0162,073,0167,0151,0144,0164,0150,072,065,060,060,0160,0170,073,0150,0145,0151,0147,0150,0164,072,065,060,060,0160,0170,073,042,076,012,074,0165,0154,076,012,074,0154,0151,076,0163,0150,0141,0160,0145,0163,074,057,0154,0151,076,012,074,0154,0151,076,0143,0157,0156,0143,0145,0160,0164,0163,074,057,0154,0151,076,012,074,0154,0151,076,0151,0155,0141,0147,0145,0163,074,057,0154,0151,076,012,074,0154,0151,076,0155,0141,0160,0163,074,057,0154,0151,076,012,074,0154,0151,076,0163,0165,0160,0160,0154,0171,040,0143,0150,0141,0151,0156,0163,074,057,0154,0151,076,012,074,0154,0151,076,0155,0141,0143,0150,0151,0156,0145,0163,074,057,0154,0151,076,012,074,0154,0151,076,0163,0164,0157,0162,0151,0145,0163,074,057,0154,0151,076,012,074,0154,0151,076,0163,0171,0155,0142,0157,0154,0163,074,057,0154,0151,076,012,074,0154,0151,076,0160,0145,0157,0160,0154,0145,074,057,0154,0151,076,040,012,074,0154,0151,076,0145,0143,0157,0163,0171,0163,0164,0145,0155,0163,074,057,0154,0151,076,012,074,0154,0151,076,0167,0141,0164,0145,0162,0163,0150,0145,0144,0163,074,057,0154,0151,076,012,074,0154,0151,076,0162,0145,0154,0151,0147,0151,0157,0156,0163,074,057,0154,0151,076,012,074,0154,0151,076,0141,0156,0151,0155,0141,0154,0163,074,057,0154,0151,076,040,012,074,0154,0151,076,0143,0141,0154,0143,0165,0154,0141,0164,0157,0162,0163,074,057,0154,0151,076,012,074,0154,0151,076,0167,0157,0162,0154,0144,040,0166,0151,0145,0167,0163,074,057,0154,0151,076,012,074,057,0165,0154,076,012,074,057,0144,0151,0166,076,",
            "0601:044,0134,0141,0160,0160,0162,0157,0170,040,0134,0146,0162,0141,0143,0173,061,0175,0173,061,060,060,060,060,0175,0134,0164,0145,0170,0164,0162,0155,0173,0107,0142,0175,044,040,",
            "0602:074,0144,0151,0166,040,0163,0164,0171,0154,0145,040,075,040,042,0146,0157,0156,0164,055,0163,0151,0172,0145,072,061,070,0160,0170,073,0146,0157,0156,0164,055,0146,0141,0155,0151,0154,0171,072,0143,0157,0165,0162,0151,0145,0162,073,0167,0151,0144,0164,0150,072,065,060,060,0160,0170,073,0150,0145,0151,0147,0150,0164,072,065,060,060,0160,0170,073,042,076,012,074,0165,0154,076,012,074,0154,0151,076,0123,0145,0162,0166,0145,0162,040,0146,0141,0162,0155,0163,074,057,0154,0151,076,012,074,0154,0151,076,0103,0145,0156,0164,0162,0141,0154,0151,0172,0145,0144,040,0104,0141,0164,0141,040,0103,0145,0156,0164,0145,0162,0163,074,057,0154,0151,076,012,074,0154,0151,076,0103,0145,0156,0164,0162,0141,0154,0151,0172,0145,0144,040,0127,0145,0142,040,0123,0145,0162,0166,0145,0162,0163,040,0167,0151,0164,0150,040,0150,0151,0147,0150,040,0102,0141,0156,0144,0167,0151,0144,0164,0150,074,057,0154,0151,076,012,074,0154,0151,076,0103,0145,0156,0164,0162,0141,0154,0151,0172,0145,0144,040,074,0151,076,0141,0156,0171,0164,0150,0151,0156,0147,074,057,0151,076,074,057,0154,0151,076,012,074,057,0165,0154,076,040,012,074,057,0144,0151,0166,076,"
        ],
        "glyph": "0330,0330,0332,0332,0332,0336,0127,0150,0141,0164,047,0163,040,0115,0151,0163,0163,0151,0156,0147,077,0365,0331,0331,0333,0602,0330,0370,",
        "w": 1357,
        "h": 672,
        "x0": 678.5,
        "y0": 336,
        "x0rel": 0,
        "y0rel": 0,
        "unit": 100,
        "imgurl": "",
        "imgw": 2,
        "imgleft": -1,
        "imgtop": -1
    },
    {
        "shapes": [
            "0220:0330,0330,0332,0332,0332,0336,0127,0150,0141,0164,040,0104,0157,0145,0163,040,0151,0164,040,0115,0145,0141,0156,077,0365,0332,0332,0331,0331,0331,0331,0331,0337,0336,0332,0337,0362,0203,0203,0335,0203,0203,0203,0203,0203,0203,0203,0203,0203,0335,0203,0203,0203,0335,0203,0203,0203,0203,0203,0203,0203,0203,0203,0335,0203,0363,0336,0333,0337,0336,0336,0330,0330,0330,0337,0337,0322,01106,0323,01122,0324,01105,0325,01105,0326,01104,0327,01117,0336,0336,0321,0333,0337,0337,01115,0322,01041,0323,01041,0332,0332,0332,0332,0336,0331,0331,0332,0332,0332,0332,0336,0330,0332,0332,0324,0332,0332,0145,0146,0146,0145,0143,0164,0151,0166,0145,0154,0171,040,0151,0156,0146,0151,0156,0151,0164,0145,040,0166,0141,0154,0165,0145,040,0167,0151,0164,0150,0157,0165,0164,040,0155,0157,0156,0145,0171,040,0157,0162,040,0160,0162,0157,0160,0145,0162,0164,0171,041,0210,0332,0333,0333,0331,0333,0332,0211,0332,0332,0333,0333,0333,0365,",
            "0600:074,0144,0151,0166,040,0163,0164,0171,0154,0145,040,075,040,042,0146,0157,0156,0164,055,0163,0151,0172,0145,072,061,070,0160,0170,073,0146,0157,0156,0164,055,0146,0141,0155,0151,0154,0171,072,0143,0157,0165,0162,0151,0145,0162,073,0167,0151,0144,0164,0150,072,065,060,060,0160,0170,073,0150,0145,0151,0147,0150,0164,072,065,060,060,0160,0170,073,042,076,012,074,0165,0154,076,012,074,0154,0151,076,0163,0150,0141,0160,0145,0163,074,057,0154,0151,076,012,074,0154,0151,076,0143,0157,0156,0143,0145,0160,0164,0163,074,057,0154,0151,076,012,074,0154,0151,076,0151,0155,0141,0147,0145,0163,074,057,0154,0151,076,012,074,0154,0151,076,0155,0141,0160,0163,074,057,0154,0151,076,012,074,0154,0151,076,0163,0165,0160,0160,0154,0171,040,0143,0150,0141,0151,0156,0163,074,057,0154,0151,076,012,074,0154,0151,076,0155,0141,0143,0150,0151,0156,0145,0163,074,057,0154,0151,076,012,074,0154,0151,076,0163,0164,0157,0162,0151,0145,0163,074,057,0154,0151,076,012,074,0154,0151,076,0163,0171,0155,0142,0157,0154,0163,074,057,0154,0151,076,012,074,0154,0151,076,0160,0145,0157,0160,0154,0145,074,057,0154,0151,076,040,012,074,0154,0151,076,0145,0143,0157,0163,0171,0163,0164,0145,0155,0163,074,057,0154,0151,076,012,074,0154,0151,076,0167,0141,0164,0145,0162,0163,0150,0145,0144,0163,074,057,0154,0151,076,012,074,0154,0151,076,0162,0145,0154,0151,0147,0151,0157,0156,0163,074,057,0154,0151,076,012,074,0154,0151,076,0141,0156,0151,0155,0141,0154,0163,074,057,0154,0151,076,040,012,074,0154,0151,076,0143,0141,0154,0143,0165,0154,0141,0164,0157,0162,0163,074,057,0154,0151,076,012,074,0154,0151,076,0167,0157,0162,0154,0144,040,0166,0151,0145,0167,0163,074,057,0154,0151,076,012,074,057,0165,0154,076,012,074,057,0144,0151,0166,076,",
            "0601:044,0134,0141,0160,0160,0162,0157,0170,040,0134,0146,0162,0141,0143,0173,061,0175,0173,061,060,060,060,060,0175,0134,0164,0145,0170,0164,0162,0155,0173,0107,0142,0175,044,040,",
            "0602:074,0144,0151,0166,040,0163,0164,0171,0154,0145,040,075,040,042,0146,0157,0156,0164,055,0163,0151,0172,0145,072,061,070,0160,0170,073,0146,0157,0156,0164,055,0146,0141,0155,0151,0154,0171,072,0143,0157,0165,0162,0151,0145,0162,073,0167,0151,0144,0164,0150,072,065,060,060,0160,0170,073,0150,0145,0151,0147,0150,0164,072,065,060,060,0160,0170,073,042,076,012,074,0165,0154,076,012,074,0154,0151,076,0123,0145,0162,0166,0145,0162,040,0146,0141,0162,0155,0163,074,057,0154,0151,076,012,074,0154,0151,076,0103,0145,0156,0164,0162,0141,0154,0151,0172,0145,0144,040,0104,0141,0164,0141,040,0103,0145,0156,0164,0145,0162,0163,074,057,0154,0151,076,012,074,0154,0151,076,0103,0145,0156,0164,0162,0141,0154,0151,0172,0145,0144,040,0127,0145,0142,040,0123,0145,0162,0166,0145,0162,0163,040,0167,0151,0164,0150,040,0150,0151,0147,0150,040,0102,0141,0156,0144,0167,0151,0144,0164,0150,074,057,0154,0151,076,012,074,0154,0151,076,0103,0145,0156,0164,0162,0141,0154,0151,0172,0145,0144,040,074,0151,076,0141,0156,0171,0164,0150,0151,0156,0147,074,057,0151,076,074,057,0154,0151,076,012,074,057,0165,0154,076,040,012,074,057,0144,0151,0166,076,",
            "0603:074,0144,0151,0166,040,0163,0164,0171,0154,0145,040,075,040,042,0146,0157,0156,0164,055,0163,0151,0172,0145,072,061,070,0160,0170,073,0146,0157,0156,0164,055,0146,0141,0155,0151,0154,0171,072,0143,0157,0165,0162,0151,0145,0162,073,0167,0151,0144,0164,0150,072,065,060,060,0160,0170,073,0150,0145,0151,0147,0150,0164,072,065,060,060,0160,0170,073,042,076,012,074,0150,062,076,074,0151,076,0124,0150,0145,0171,047,0162,0145,040,0101,0154,0162,0145,0141,0144,0171,040,0110,0145,0162,0145,041,074,057,0151,076,074,057,0150,062,076,012,074,0165,0154,076,012,074,0154,0151,076,0120,0150,0157,0156,0145,0163,074,057,0154,0151,076,012,074,0154,0151,076,0124,0141,0142,0154,0145,0164,0163,074,057,0154,0151,076,012,074,0154,0151,076,0114,0141,0160,0164,0157,0160,0163,074,057,0154,0151,076,012,074,0154,0151,076,042,0111,0156,0164,0145,0162,0156,0145,0164,040,0157,0146,040,0124,0150,0151,0156,0147,0163,074,057,0154,0151,076,012,012,074,057,0165,0154,076,040,012,074,057,0144,0151,0166,076,"
        ],
        "glyph": "0330,0330,0332,0332,0332,0336,0127,0150,0141,0164,040,0104,0157,0145,0163,040,0151,0164,040,0115,0145,0141,0156,077,0365,0332,0332,0331,0331,0331,0331,0331,0337,0336,0332,0337,0362,0203,0203,0335,0203,0203,0203,0203,0203,0203,0203,0203,0203,0335,0203,0203,0203,0335,0203,0203,0203,0203,0203,0203,0203,0203,0203,0335,0203,0363,0336,0333,0337,0336,0336,0330,0330,0330,0337,0337,0322,01106,0323,01122,0324,01105,0325,01105,0326,01104,0327,01117,0336,0336,0321,0333,0337,0337,01115,0322,01041,0323,01041,0332,0332,0332,0332,0336,0331,0331,0332,0332,0332,0332,0336,0330,0332,0332,0324,0332,0332,0145,0146,0146,0145,0143,0164,0151,0166,0145,0154,0171,040,0151,0156,0146,0151,0156,0151,0164,0145,040,0166,0141,0154,0165,0145,040,0167,0151,0164,0150,0157,0165,0164,040,0155,0157,0156,0145,0171,040,0157,0162,040,0160,0162,0157,0160,0145,0162,0164,0171,041,0210,0332,0333,0333,0331,0333,0332,0211,0332,0332,0333,0333,0333,0365,",
        "w": 1357,
        "h": 672,
        "x0": 678.5,
        "y0": 336,
        "x0rel": 0,
        "y0rel": 0,
        "unit": 100,
        "imgurl": "",
        "imgw": 2,
        "imgleft": -1,
        "imgtop": -1
    },
    {
        "shapes": [
            "0220:0330,0330,0332,0332,0332,0336,0127,0150,0145,0162,0145,040,0104,0157,040,0124,0150,0145,0163,0145,040,0115,0141,0143,0150,0151,0156,0145,0163,040,0103,0157,0155,0145,040,0106,0162,0157,0155,077,0332,0332,0332,0332,0336,0333,0333,0333,0333,0333,0333,0333,0330,0333,0333,0365,0331,0331,0331,0331,0331,0333,0603,0330,0330,0332,0332,0332,0330,0370,0331,0331,0331,0333,0333,0333,0331,0333,0331,0333,0333,0333,0333,0333,0333,0333,0337,0331,0331,0331,0332,0332,0332,0332,0332,0332,0332,0160,0154,0141,0156,0156,0145,0144,040,0157,0142,0163,0157,0154,0145,0163,0143,0145,0156,0143,0145,040,053,040,0163,0143,0141,0166,0145,0156,0147,0151,0156,0147,040,053,040,0142,0162,0157,0167,0163,0145,0162,0336,0365,0331,0331,0333,0333,0333,0331,0333,075,040,0151,0156,0146,0151,0156,0151,0164,0145,040,0146,0145,0145,0144,040,0157,0146,040,0146,0162,0145,0145,040,0144,0145,0143,0145,0156,0164,0162,0141,0154,0151,0172,0145,0144,040,0151,0156,0146,0157,0162,0155,0141,0164,0151,0157,0156,0365,",
            "0600:074,0144,0151,0166,040,0163,0164,0171,0154,0145,040,075,040,042,0146,0157,0156,0164,055,0163,0151,0172,0145,072,061,070,0160,0170,073,0146,0157,0156,0164,055,0146,0141,0155,0151,0154,0171,072,0143,0157,0165,0162,0151,0145,0162,073,0167,0151,0144,0164,0150,072,065,060,060,0160,0170,073,0150,0145,0151,0147,0150,0164,072,065,060,060,0160,0170,073,042,076,012,074,0165,0154,076,012,074,0154,0151,076,0163,0150,0141,0160,0145,0163,074,057,0154,0151,076,012,074,0154,0151,076,0143,0157,0156,0143,0145,0160,0164,0163,074,057,0154,0151,076,012,074,0154,0151,076,0151,0155,0141,0147,0145,0163,074,057,0154,0151,076,012,074,0154,0151,076,0155,0141,0160,0163,074,057,0154,0151,076,012,074,0154,0151,076,0163,0165,0160,0160,0154,0171,040,0143,0150,0141,0151,0156,0163,074,057,0154,0151,076,012,074,0154,0151,076,0155,0141,0143,0150,0151,0156,0145,0163,074,057,0154,0151,076,012,074,0154,0151,076,0163,0164,0157,0162,0151,0145,0163,074,057,0154,0151,076,012,074,0154,0151,076,0163,0171,0155,0142,0157,0154,0163,074,057,0154,0151,076,012,074,0154,0151,076,0160,0145,0157,0160,0154,0145,074,057,0154,0151,076,040,012,074,0154,0151,076,0145,0143,0157,0163,0171,0163,0164,0145,0155,0163,074,057,0154,0151,076,012,074,0154,0151,076,0167,0141,0164,0145,0162,0163,0150,0145,0144,0163,074,057,0154,0151,076,012,074,0154,0151,076,0162,0145,0154,0151,0147,0151,0157,0156,0163,074,057,0154,0151,076,012,074,0154,0151,076,0141,0156,0151,0155,0141,0154,0163,074,057,0154,0151,076,040,012,074,0154,0151,076,0143,0141,0154,0143,0165,0154,0141,0164,0157,0162,0163,074,057,0154,0151,076,012,074,0154,0151,076,0167,0157,0162,0154,0144,040,0166,0151,0145,0167,0163,074,057,0154,0151,076,012,074,057,0165,0154,076,012,074,057,0144,0151,0166,076,",
            "0601:044,0134,0141,0160,0160,0162,0157,0170,040,0134,0146,0162,0141,0143,0173,061,0175,0173,061,060,060,060,060,0175,0134,0164,0145,0170,0164,0162,0155,0173,0107,0142,0175,044,040,",
            "0602:074,0144,0151,0166,040,0163,0164,0171,0154,0145,040,075,040,042,0146,0157,0156,0164,055,0163,0151,0172,0145,072,061,070,0160,0170,073,0146,0157,0156,0164,055,0146,0141,0155,0151,0154,0171,072,0143,0157,0165,0162,0151,0145,0162,073,0167,0151,0144,0164,0150,072,065,060,060,0160,0170,073,0150,0145,0151,0147,0150,0164,072,065,060,060,0160,0170,073,042,076,012,074,0165,0154,076,012,074,0154,0151,076,0123,0145,0162,0166,0145,0162,040,0146,0141,0162,0155,0163,074,057,0154,0151,076,012,074,0154,0151,076,0103,0145,0156,0164,0162,0141,0154,0151,0172,0145,0144,040,0104,0141,0164,0141,040,0103,0145,0156,0164,0145,0162,0163,074,057,0154,0151,076,012,074,0154,0151,076,0103,0145,0156,0164,0162,0141,0154,0151,0172,0145,0144,040,0127,0145,0142,040,0123,0145,0162,0166,0145,0162,0163,040,0167,0151,0164,0150,040,0150,0151,0147,0150,040,0102,0141,0156,0144,0167,0151,0144,0164,0150,074,057,0154,0151,076,012,074,0154,0151,076,0103,0145,0156,0164,0162,0141,0154,0151,0172,0145,0144,040,074,0151,076,0141,0156,0171,0164,0150,0151,0156,0147,074,057,0151,076,074,057,0154,0151,076,012,074,057,0165,0154,076,040,012,074,057,0144,0151,0166,076,",
            "0603:074,0144,0151,0166,040,0163,0164,0171,0154,0145,040,075,040,042,0146,0157,0156,0164,055,0163,0151,0172,0145,072,061,070,0160,0170,073,0146,0157,0156,0164,055,0146,0141,0155,0151,0154,0171,072,0143,0157,0165,0162,0151,0145,0162,073,0167,0151,0144,0164,0150,072,065,060,060,0160,0170,073,0150,0145,0151,0147,0150,0164,072,065,060,060,0160,0170,073,042,076,012,074,0150,062,076,074,0151,076,0124,0150,0145,0171,047,0162,0145,040,0101,0154,0162,0145,0141,0144,0171,040,0110,0145,0162,0145,041,074,057,0151,076,074,057,0150,062,076,012,074,0165,0154,076,012,074,0154,0151,076,0120,0150,0157,0156,0145,0163,074,057,0154,0151,076,012,074,0154,0151,076,0124,0141,0142,0154,0145,0164,0163,074,057,0154,0151,076,012,074,0154,0151,076,0114,0141,0160,0164,0157,0160,0163,074,057,0154,0151,076,012,074,0154,0151,076,042,0111,0156,0164,0145,0162,0156,0145,0164,040,0157,0146,040,0124,0150,0151,0156,0147,0163,074,057,0154,0151,076,012,012,074,057,0165,0154,076,040,012,074,057,0144,0151,0166,076,"
        ],
        "glyph": "0330,0330,0332,0332,0332,0336,0127,0150,0145,0162,0145,040,0104,0157,040,0124,0150,0145,0163,0145,040,0115,0141,0143,0150,0151,0156,0145,0163,040,0103,0157,0155,0145,040,0106,0162,0157,0155,077,0332,0332,0332,0332,0336,0333,0333,0333,0333,0333,0333,0333,0330,0333,0333,0365,0331,0331,0331,0331,0331,0333,0603,0330,0330,0332,0332,0332,0330,0370,0331,0331,0331,0333,0333,0333,0331,0333,0331,0333,0333,0333,0333,0333,0333,0333,0337,0331,0331,0331,0332,0332,0332,0332,0332,0332,0332,0160,0154,0141,0156,0156,0145,0144,040,0157,0142,0163,0157,0154,0145,0163,0143,0145,0156,0143,0145,040,053,040,0163,0143,0141,0166,0145,0156,0147,0151,0156,0147,040,053,040,0142,0162,0157,0167,0163,0145,0162,0336,0365,0331,0331,0333,0333,0333,0331,0333,075,040,0151,0156,0146,0151,0156,0151,0164,0145,040,0146,0145,0145,0144,040,0157,0146,040,0146,0162,0145,0145,040,0144,0145,0143,0145,0156,0164,0162,0141,0154,0151,0172,0145,0144,040,0151,0156,0146,0157,0162,0155,0141,0164,0151,0157,0156,0365,",
        "w": 1357,
        "h": 672,
        "x0": 678.5,
        "y0": 336,
        "x0rel": 0,
        "y0rel": 0,
        "unit": 100,
        "imgurl": "",
        "imgw": 2,
        "imgleft": -1,
        "imgtop": -1
    }
]