[
    {
        "shapes": [
            "0250:0334,0310,0322,0342,0326,0335,0335,0336,0342,0341,0337,0331,0335,0335,0336,0342,0341,0320,0340,0310,0335,0350,0335,0201,0340,0335,0335,0201,0340,0334,0334,0334,0304,0334,0337,0335,0313,0330,0336,0336,0332,0332,0332,0332,0332,0146,0162,0157,0155,0336,0365,0333,0333,0333,01310,0336,0333,0337,0164,0157,0365,0333,0336,0333,0337,01304,01350,"
        ],
        "glyph": "0334,0310,0322,0342,0326,0335,0335,0336,0342,0341,0337,0331,0335,0335,0336,0342,0341,0320,0340,0310,0335,0350,0335,0201,0340,0335,0335,0201,0340,0334,0334,0334,0304,0334,0337,0335,0313,0330,0336,0336,0332,0332,0332,0332,0332,0146,0162,0157,0155,0336,0365,0333,0333,0333,01310,0336,0333,0337,0164,0157,0365,0333,0336,0333,0337,01304,01350,",
        "w": 1366,
        "h": 672,
        "x0": 683,
        "y0": 439.7496984040001,
        "x0rel": 0,
        "y0rel": 0.4000000000000001,
        "unit": 259.37424601000026,
        "imgurl": "",
        "imgw": 2,
        "imgleft": -1,
        "imgtop": -1
    },
    {
        "shapes": [
            "0250:0311,0335,0336,0326,0341,0342,0334,0334,0322,0337,0201,0336,0326,0342,0341,0305,0335,0335,0320,0340,0201,0340,0335,0201,0340,0300,"
        ],
        "glyph": "0311,0335,0336,0326,0341,0342,0334,0334,0322,0337,0201,0336,0326,0342,0341,0305,0335,0335,0320,0340,0201,0340,0335,0201,0340,0300,",
        "w": 1366,
        "h": 672,
        "x0": 683,
        "y0": 421.7435524000001,
        "x0rel": 0,
        "y0rel": 0.40000000000000013,
        "unit": 214.3588810000002,
        "imgurl": "",
        "imgw": 2,
        "imgleft": -1,
        "imgtop": -1
    },
    {
        "shapes": [
            "0250:0334,0322,0341,0342,0335,0312,0336,0326,0341,0342,0313,0330,0337,0325,0341,0304,0304,0335,0335,0306,0320,0340,0335,0325,0201,0320,0340,0334,0334,0334,0330,0334,0313,0336,0331,0340,"
        ],
        "glyph": "0334,0322,0341,0342,0335,0312,0336,0326,0341,0342,0313,0330,0337,0325,0341,0304,0304,0335,0335,0306,0320,0340,0335,0325,0201,0320,0340,0334,0334,0334,0330,0334,0313,0336,0331,0340,",
        "w": 1366,
        "h": 672,
        "x0": 683,
        "y0": 464.61532860000017,
        "x0rel": 0,
        "y0rel": 0.6000000000000002,
        "unit": 214.3588810000002,
        "imgurl": "",
        "imgw": 2,
        "imgleft": -1,
        "imgtop": -1
    },
    {
        "shapes": [
            "0250:0335,0337,0337,0337,0342,0350,0334,0342,0335,0336,0336,0322,0330,0341,0331,0326,0337,0330,0341,0330,0304,0335,0335,0337,0325,0341,0330,0335,0335,0341,0336,0330,0320,0340,0334,0201,0340,0331,0335,0331,0350,0337,0337,0337,0337,0342,0334,0342,0300,0332,0332,0332,0332,"
        ],
        "glyph": "0335,0337,0337,0337,0342,0350,0334,0342,0335,0336,0336,0322,0330,0341,0331,0326,0337,0330,0341,0330,0304,0335,0335,0337,0325,0341,0330,0335,0335,0341,0336,0330,0320,0340,0334,0201,0340,0331,0335,0331,0350,0337,0337,0337,0337,0342,0334,0342,0300,0332,0332,0332,0332,",
        "w": 1366,
        "h": 672,
        "x0": 484.236613865162,
        "y0": 352.6827521659545,
        "x0rel": -8.302839908786092,
        "y0rel": 0.6968799594604861,
        "unit": 23.939204936916337,
        "imgurl": "",
        "imgw": 2,
        "imgleft": -1,
        "imgtop": -1
    },
    {
        "shapes": [
            "0250:0306,0350,0334,0337,0337,0337,0337,0337,0337,0342,0335,0335,0342,0334,0336,0336,0336,0336,0336,0322,0337,0341,0304,0306,0350,0335,0330,0320,0340,0334,0334,0334,0334,0201,0340,0335,0335,0331,0335,0300,"
        ],
        "glyph": "0306,0350,0334,0337,0337,0337,0337,0337,0337,0342,0335,0335,0342,0334,0336,0336,0336,0336,0336,0322,0337,0341,0304,0306,0350,0335,0330,0320,0340,0334,0334,0334,0334,0201,0340,0335,0335,0331,0335,0300,",
        "w": 1366,
        "h": 672,
        "x0": 583,
        "y0": 476,
        "x0rel": -1.6105100000000006,
        "y0rel": 2.2547140000000008,
        "unit": 62.0921323059155,
        "imgurl": "",
        "imgw": 2,
        "imgleft": -1,
        "imgtop": -1
    },
    {
        "shapes": [
            "0250:0340,0335,0337,0337,0337,0337,0342,0305,0350,0334,0342,0336,0336,0336,0322,0341,0335,0330,0320,0340,0304,0335,0335,0305,0335,0311,0336,0201,0340,"
        ],
        "glyph": "0340,0335,0337,0337,0337,0337,0342,0305,0350,0334,0342,0336,0336,0336,0322,0341,0335,0330,0320,0340,0304,0335,0335,0305,0335,0311,0336,0201,0340,",
        "w": 1366,
        "h": 672,
        "x0": 643,
        "y0": 396,
        "x0rel": -0.4,
        "y0rel": 0.6,
        "unit": 100,
        "imgurl": "",
        "imgw": 2,
        "imgleft": -1,
        "imgtop": -1
    }
]