[
    {
        "shapes": [
            "0220:0334,0336,0336,0336,0335,0201,0334,0306,0350,0335,0306,0201,0335,0335,0201,0201,0334,0334,0201,0201,0335,0335,0201,0201,0334,0334,0201,0201,0335,0335,0201,0201,0334,0334,0201,0335,0304,0201,0337,0337,0337,",
            "0221:0342,0336,0336,0336,0330,0330,0330,0334,0362,0203,0306,0335,0335,0203,0203,0335,0335,0203,0203,0335,0335,0203,0363,0304,0335,0330,0330,0335,0362,0203,0335,0336,0336,0203,0335,0337,0337,0203,0203,0335,0336,0336,0203,0335,0337,0337,0203,0363,0334,0337,0330,0336,0330,0337,0337,0337,",
            "0222:0336,0330,0336,0341,0332,0332,0335,0201,0336,0201,0334,0342,0335,0335,0342,0336,0332,0330,0335,0335,0331,0201,0330,0201,0330,0201,0332,0331,0342,0333,0331,0331,0331,0336,0331,0335,0337,0201,0334,0201,0201,0334,0201,0335,0335,0306,0350,0334,0336,0306,0362,0203,0335,0335,0203,0335,0335,0203,0363,0335,0304,0334,0331,0331,0335,0331,0331,0331,0331,0335,0337,0201,0201,0334,0201,0201,0334,0336,0306,0362,0203,0335,0335,0203,0203,0335,0335,0203,0203,0335,0335,0203,0363,0304,0335,0330,0330,0335,0342,0335,0335,0342,0335,0337,0201,0334,0201,0201,0201,0335,0333,0333,0332,0337,0340,0201,0201,0336,0201,0336,0201,0337,0337,0331,0331,0331,0331,0331,0336,0336,0330,0335,0335,0337,0340,0337,0201,0201,0201,0336,0336,0201,0335,0335,0337,0337,0330,0330,0330,0330,0330,0330,0330,0330,0337,0337,0337,",
            "0223:0221,0336,0331,0336,0333,0306,0335,0304,0201,0335,0336,0201,0334,0337,0201,0335,0335,0306,0350,0336,0335,0362,0203,0334,0334,0334,0334,0203,0334,0334,0334,0334,0203,0363,0335,0304,0331,0331,0332,0331,0331,0306,0334,0304,0332,0332,0330,0330,0330,0330,0337,0337,0337,",
            "0224:0222,0335,0340,0336,0201,0335,0337,0335,0335,0331,0221,0331,0334,0336,0201,0340,0335,0337,0330,",
            "0225:0336,0201,0337,0222,0335,0340,0336,0201,0335,0337,0335,0335,0331,0221,0331,0334,0336,0201,0340,0335,0337,0330,0336,0201,0337,0224,0336,0201,0337,",
            "0226:0225,0332,0332,0332,0331,0331,0331,0331,0336,0330,0337,0225,0335,0201,0201,0342,0336,0331,0334,0201,0337,0331,0331,0331,0331,0335,0331,0336,0331,0337,0201,0201,0201,0331,0336,0331,0337,0335,0336,0336,0201,0335,0201,0334,0350,0334,0310,0337,0201,0334,0334,0201,0334,0334,0334,0336,0201,0304,0335,0313,0330,0337,0337,0333,0330,0334,0201,0335,0336,0201,0336,0201,0334,0337,0201,0201,0336,0201,0336,0201,0330,0330,0337,0201,0201,0335,0201,0201,0201,0335,0334,0334,0336,0331,0201,0340,0337,0337,0201,0332,0332,0332,0331,0336,0336,0331,0337,0201,0201,0336,0201,0337,0331,0331,0335,0340,0335,0335,0201,0201,0201,0334,0201,0201,0330,0201,0201,0201,0201,0334,0201,0201,0201,0201,0201,0336,0201,0330,0330,0201,0337,0201,0201,0335,0201,0201,0201,0201,0201,0336,0201,0334,0337,0337,0337,0330,0332,0330,0336,0341,0336,0336,0331,0331,0332,0332,0337,0337,0126,0365,0331,0331,0331,0331,0332,0332,0332,0332,0336,0330,0332,0332,0331,0333,0336,0332,0332,0330,0330,0333,0337,0337,0336,0336,0336,0332,0341,0337,0337,0337,0331,0331,0331,0336,0336,0336,0341,0337,0337,0333,0333,0333,0333,0333,0333,0333,0330,0330,0330,0330,0336,0332,0336,0332,0333,0333,0337,0340,0337,0337,0335,0336,0201,0336,0336,0330,0341,0337,0337,0330,0330,0330,0330,0330,0336,0336,0341,0335,0335,0331,0335,0335,0337,0201,0201,0201,0201,0201,0201,0201,0334,0337,0337,0337,0332,0332,0332,0332,0336,0330,0335,0335,0337,0340,0220,0336,0336,0336,0335,0201,0350,0334,0334,0334,0310,0337,0201,0334,0334,0201,0334,0334,0334,0336,0201,0304,0313,0335,0337,0331,0331,0340,0335,0335,0337,0337,0220,0336,0336,0336,0335,0201,0350,0334,0334,0334,0310,0337,0201,0334,0334,0201,0334,0334,0334,0336,0201,0304,0335,0313,0337,0337,0337,0332,0330,0330,0336,0333,0336,0331,0332,0336,0330,0337,061,060,0153,0365,0331,0331,0331,0331,0331,0331,061,060,0153,0365,0337,0337,0333,0333,0333,0333,0333,0336,0336,0331,0336,0332,0332,0331,0337,0337,0337,",
            "0227:0226,0333,0333,0333,0333,0333,0330,0331,0333,0226,",
            "0230:0227,0330,0330,",
            "0231:0230,0333,0333,0330,0330,0336,0330,0341,0336,0336,0332,0331,0331,0332,0337,0337,0126,0365,0331,0336,0330,0333,0335,0335,0337,0201,0337,0223,0220,0335,0336,0336,0310,0350,0201,0334,0334,0334,0337,0201,0334,0334,0201,0334,0334,0334,0336,0201,0304,0313,0335,0337,0330,0330,0330,0330,0340,0335,0337,0201,0334,0201,0201,0336,0336,0336,0336,0330,0341,0337,0337,0330,0337,0126,0365,0151,0156,0336,0333,0333,0336,0332,0331,0337,0365,0337,0333,0331,0331,0331,0331,0331,0331,0331,0332,0332,0332,0331,0336,0330,0332,0331,0336,0333,0337,0330,0337,063,056,063,0336,0153,0365,",
            "0232:0231,",
            "0250:0330,0330,0332,0332,0332,0336,0104,0165,0141,0154,040,0110,040,0102,0162,0151,0144,0147,0145,040,0102,0157,0141,0162,0144,0365,0331,0331,0336,0333,0333,0333,0333,0333,0333,057,0144,0165,0141,0154,0150,0142,0162,0151,0144,0147,0145,057,0365,0331,0331,0331,0337,0600,0337,0337,0370,0333,0330,0336,0333,0331,0333,0337,0601,0371,",
            "0600:074,0141,040,0150,0162,0145,0146,040,075,040,042,0150,0164,0164,0160,072,057,057,0167,0167,0167,056,0154,0141,0146,0145,0154,0141,0142,0163,056,0157,0162,0147,042,076,0154,0141,0146,0145,0154,0141,0142,0163,056,0157,0162,0147,074,057,0141,076,",
            "0601:074,0151,0155,0147,040,0163,0162,0143,040,075,040,042,0161,0162,0143,0157,0144,0145,056,0160,0156,0147,042,076,"
        ],
        "glyph": "0330,0330,0332,0332,0332,0336,0104,0165,0141,0154,040,0110,040,0102,0162,0151,0144,0147,0145,040,0102,0157,0141,0162,0144,0365,0331,0331,0336,0333,0333,0333,0333,0333,0333,057,0144,0165,0141,0154,0150,0142,0162,0151,0144,0147,0145,057,0365,0331,0331,0331,0337,0600,0337,0337,0370,0333,0330,0336,0333,0331,0333,0337,0601,0371,",
        "w": 1366,
        "h": 649,
        "x0": 683,
        "y0": 324.5,
        "x0rel": 0,
        "y0rel": 0,
        "unit": 100,
        "imgurl": "",
        "imgw": 2,
        "imgleft": -1,
        "imgtop": -1
    },
    {
        "shapes": [
            "0220:0334,0336,0336,0336,0335,0201,0334,0306,0350,0335,0306,0201,0335,0335,0201,0201,0334,0334,0201,0201,0335,0335,0201,0201,0334,0334,0201,0201,0335,0335,0201,0201,0334,0334,0201,0335,0304,0201,0337,0337,0337,",
            "0221:0342,0336,0336,0336,0330,0330,0330,0334,0362,0203,0306,0335,0335,0203,0203,0335,0335,0203,0203,0335,0335,0203,0363,0304,0335,0330,0330,0335,0362,0203,0335,0336,0336,0203,0335,0337,0337,0203,0203,0335,0336,0336,0203,0335,0337,0337,0203,0363,0334,0337,0330,0336,0330,0337,0337,0337,",
            "0222:0336,0330,0336,0341,0332,0332,0335,0201,0336,0201,0334,0342,0335,0335,0342,0336,0332,0330,0335,0335,0331,0201,0330,0201,0330,0201,0332,0331,0342,0333,0331,0331,0331,0336,0331,0335,0337,0201,0334,0201,0201,0334,0201,0335,0335,0306,0350,0334,0336,0306,0362,0203,0335,0335,0203,0335,0335,0203,0363,0335,0304,0334,0331,0331,0335,0331,0331,0331,0331,0335,0337,0201,0201,0334,0201,0201,0334,0336,0306,0362,0203,0335,0335,0203,0203,0335,0335,0203,0203,0335,0335,0203,0363,0304,0335,0330,0330,0335,0342,0335,0335,0342,0335,0337,0201,0334,0201,0201,0201,0335,0333,0333,0332,0337,0340,0201,0201,0336,0201,0336,0201,0337,0337,0331,0331,0331,0331,0331,0336,0336,0330,0335,0335,0337,0340,0337,0201,0201,0201,0336,0336,0201,0335,0335,0337,0337,0330,0330,0330,0330,0330,0330,0330,0330,0337,0337,0337,",
            "0223:0221,0336,0331,0336,0333,0306,0335,0304,0201,0335,0336,0201,0334,0337,0201,0335,0335,0306,0350,0336,0335,0362,0203,0334,0334,0334,0334,0203,0334,0334,0334,0334,0203,0363,0335,0304,0331,0331,0332,0331,0331,0306,0334,0304,0332,0332,0330,0330,0330,0330,0337,0337,0337,",
            "0224:0222,0335,0340,0336,0201,0335,0337,0335,0335,0331,0221,0331,0334,0336,0201,0340,0335,0337,0330,",
            "0225:0336,0201,0337,0222,0335,0340,0336,0201,0335,0337,0335,0335,0331,0221,0331,0334,0336,0201,0340,0335,0337,0330,0336,0201,0337,0224,0336,0201,0337,",
            "0226:0225,0332,0332,0332,0331,0331,0331,0331,0336,0330,0337,0225,0335,0201,0201,0342,0336,0331,0334,0201,0337,0331,0331,0331,0331,0335,0331,0336,0331,0337,0201,0201,0201,0331,0336,0331,0337,0335,0336,0336,0201,0335,0201,0334,0350,0334,0310,0337,0201,0334,0334,0201,0334,0334,0334,0336,0201,0304,0335,0313,0330,0337,0337,0333,0330,0334,0201,0335,0336,0201,0336,0201,0334,0337,0201,0201,0336,0201,0336,0201,0330,0330,0337,0201,0201,0335,0201,0201,0201,0335,0334,0334,0336,0331,0201,0340,0337,0337,0201,0332,0332,0332,0331,0336,0336,0331,0337,0201,0201,0336,0201,0337,0331,0331,0335,0340,0335,0335,0201,0201,0201,0334,0201,0201,0330,0201,0201,0201,0201,0334,0201,0201,0201,0201,0201,0336,0201,0330,0330,0201,0337,0201,0201,0335,0201,0201,0201,0201,0201,0336,0201,0334,0337,0337,0337,0330,0332,0330,0336,0341,0336,0336,0331,0331,0332,0332,0337,0337,0126,0365,0331,0331,0331,0331,0332,0332,0332,0332,0336,0330,0332,0332,0331,0333,0336,0332,0332,0330,0330,0333,0337,0337,0336,0336,0336,0332,0341,0337,0337,0337,0331,0331,0331,0336,0336,0336,0341,0337,0337,0333,0333,0333,0333,0333,0333,0333,0330,0330,0330,0330,0336,0332,0336,0332,0333,0333,0337,0340,0337,0337,0335,0336,0201,0336,0336,0330,0341,0337,0337,0330,0330,0330,0330,0330,0336,0336,0341,0335,0335,0331,0335,0335,0337,0201,0201,0201,0201,0201,0201,0201,0334,0337,0337,0337,0332,0332,0332,0332,0336,0330,0335,0335,0337,0340,0220,0336,0336,0336,0335,0201,0350,0334,0334,0334,0310,0337,0201,0334,0334,0201,0334,0334,0334,0336,0201,0304,0313,0335,0337,0331,0331,0340,0335,0335,0337,0337,0220,0336,0336,0336,0335,0201,0350,0334,0334,0334,0310,0337,0201,0334,0334,0201,0334,0334,0334,0336,0201,0304,0335,0313,0337,0337,0337,0332,0330,0330,0336,0333,0336,0331,0332,0336,0330,0337,061,060,0153,0365,0331,0331,0331,0331,0331,0331,061,060,0153,0365,0337,0337,0333,0333,0333,0333,0333,0336,0336,0331,0336,0332,0332,0331,0337,0337,0337,",
            "0227:0226,0333,0333,0333,0333,0333,0330,0331,0333,0226,",
            "0230:0227,0330,0330,",
            "0231:0230,0333,0333,0330,0330,0336,0330,0341,0336,0336,0332,0331,0331,0332,0337,0337,0126,0365,0331,0336,0330,0333,0335,0335,0337,0201,0337,0223,0220,0335,0336,0336,0310,0350,0201,0334,0334,0334,0337,0201,0334,0334,0201,0334,0334,0334,0336,0201,0304,0313,0335,0337,0330,0330,0330,0330,0340,0335,0337,0201,0334,0201,0201,0336,0336,0336,0336,0330,0341,0337,0337,0330,0337,0126,0365,0151,0156,0336,0333,0333,0336,0332,0331,0337,0365,0337,0333,0331,0331,0331,0331,0331,0331,0331,0332,0332,0332,0331,0336,0330,0332,0331,0336,0333,0337,0330,0337,063,056,063,0336,0153,0365,",
            "0232:0231,",
            "0600:074,0141,040,0150,0162,0145,0146,040,075,040,042,0150,0164,0164,0160,072,057,057,0167,0167,0167,056,0154,0141,0146,0145,0154,0141,0142,0163,056,0157,0162,0147,042,076,0154,0141,0146,0145,0154,0141,0142,0163,056,0157,0162,0147,074,057,0141,076,",
            "0601:074,0151,0155,0147,040,0163,0162,0143,040,075,040,042,0161,0162,0143,0157,0144,0145,056,0160,0156,0147,042,076,"
        ],
        "glyph": "",
        "w": 1366,
        "h": 649,
        "x0": 683,
        "y0": 324.5,
        "x0rel": 0,
        "y0rel": 0,
        "unit": 62.0921323059155,
        "imgurl": "https://i.imgur.com/VVafy3o.jpg",
        "imgw": 8,
        "imgleft": -4,
        "imgtop": -6
    },
    {
        "shapes": [
            "0220:0334,0336,0336,0336,0335,0201,0334,0306,0350,0335,0306,0201,0335,0335,0201,0201,0334,0334,0201,0201,0335,0335,0201,0201,0334,0334,0201,0201,0335,0335,0201,0201,0334,0334,0201,0335,0304,0201,0337,0337,0337,",
            "0221:0342,0336,0336,0336,0330,0330,0330,0334,0362,0203,0306,0335,0335,0203,0203,0335,0335,0203,0203,0335,0335,0203,0363,0304,0335,0330,0330,0335,0362,0203,0335,0336,0336,0203,0335,0337,0337,0203,0203,0335,0336,0336,0203,0335,0337,0337,0203,0363,0334,0337,0330,0336,0330,0337,0337,0337,",
            "0222:0336,0330,0336,0341,0332,0332,0335,0201,0336,0201,0334,0342,0335,0335,0342,0336,0332,0330,0335,0335,0331,0201,0330,0201,0330,0201,0332,0331,0342,0333,0331,0331,0331,0336,0331,0335,0337,0201,0334,0201,0201,0334,0201,0335,0335,0306,0350,0334,0336,0306,0362,0203,0335,0335,0203,0335,0335,0203,0363,0335,0304,0334,0331,0331,0335,0331,0331,0331,0331,0335,0337,0201,0201,0334,0201,0201,0334,0336,0306,0362,0203,0335,0335,0203,0203,0335,0335,0203,0203,0335,0335,0203,0363,0304,0335,0330,0330,0335,0342,0335,0335,0342,0335,0337,0201,0334,0201,0201,0201,0335,0333,0333,0332,0337,0340,0201,0201,0336,0201,0336,0201,0337,0337,0331,0331,0331,0331,0331,0336,0336,0330,0335,0335,0337,0340,0337,0201,0201,0201,0336,0336,0201,0335,0335,0337,0337,0330,0330,0330,0330,0330,0330,0330,0330,0337,0337,0337,",
            "0223:0221,0336,0331,0336,0333,0306,0335,0304,0201,0335,0336,0201,0334,0337,0201,0335,0335,0306,0350,0336,0335,0362,0203,0334,0334,0334,0334,0203,0334,0334,0334,0334,0203,0363,0335,0304,0331,0331,0332,0331,0331,0306,0334,0304,0332,0332,0330,0330,0330,0330,0337,0337,0337,",
            "0224:0222,0335,0340,0336,0201,0335,0337,0335,0335,0331,0221,0331,0334,0336,0201,0340,0335,0337,0330,",
            "0225:0336,0201,0337,0222,0335,0340,0336,0201,0335,0337,0335,0335,0331,0221,0331,0334,0336,0201,0340,0335,0337,0330,0336,0201,0337,0224,0336,0201,0337,",
            "0226:0225,0332,0332,0332,0331,0331,0331,0331,0336,0330,0337,0225,0335,0201,0201,0342,0336,0331,0334,0201,0337,0331,0331,0331,0331,0335,0331,0336,0331,0337,0201,0201,0201,0331,0336,0331,0337,0335,0336,0336,0201,0335,0201,0334,0350,0334,0310,0337,0201,0334,0334,0201,0334,0334,0334,0336,0201,0304,0335,0313,0330,0337,0337,0333,0330,0334,0201,0335,0336,0201,0336,0201,0334,0337,0201,0201,0336,0201,0336,0201,0330,0330,0337,0201,0201,0335,0201,0201,0201,0335,0334,0334,0336,0331,0201,0340,0337,0337,0201,0332,0332,0332,0331,0336,0336,0331,0337,0201,0201,0336,0201,0337,0331,0331,0335,0340,0335,0335,0201,0201,0201,0334,0201,0201,0330,0201,0201,0201,0201,0334,0201,0201,0201,0201,0201,0336,0201,0330,0330,0201,0337,0201,0201,0335,0201,0201,0201,0201,0201,0336,0201,0334,0337,0337,0337,0330,0332,0330,0336,0341,0336,0336,0331,0331,0332,0332,0337,0337,0126,0365,0331,0331,0331,0331,0332,0332,0332,0332,0336,0330,0332,0332,0331,0333,0336,0332,0332,0330,0330,0333,0337,0337,0336,0336,0336,0332,0341,0337,0337,0337,0331,0331,0331,0336,0336,0336,0341,0337,0337,0333,0333,0333,0333,0333,0333,0333,0330,0330,0330,0330,0336,0332,0336,0332,0333,0333,0337,0340,0337,0337,0335,0336,0201,0336,0336,0330,0341,0337,0337,0330,0330,0330,0330,0330,0336,0336,0341,0335,0335,0331,0335,0335,0337,0201,0201,0201,0201,0201,0201,0201,0334,0337,0337,0337,0332,0332,0332,0332,0336,0330,0335,0335,0337,0340,0220,0336,0336,0336,0335,0201,0350,0334,0334,0334,0310,0337,0201,0334,0334,0201,0334,0334,0334,0336,0201,0304,0313,0335,0337,0331,0331,0340,0335,0335,0337,0337,0220,0336,0336,0336,0335,0201,0350,0334,0334,0334,0310,0337,0201,0334,0334,0201,0334,0334,0334,0336,0201,0304,0335,0313,0337,0337,0337,0332,0330,0330,0336,0333,0336,0331,0332,0336,0330,0337,061,060,0153,0365,0331,0331,0331,0331,0331,0331,061,060,0153,0365,0337,0337,0333,0333,0333,0333,0333,0336,0336,0331,0336,0332,0332,0331,0337,0337,0337,",
            "0227:0226,0333,0333,0333,0333,0333,0330,0331,0333,0226,",
            "0230:0227,0330,0330,",
            "0231:0230,0333,0333,0330,0330,0336,0330,0341,0336,0336,0332,0331,0331,0332,0337,0337,0126,0365,0331,0336,0330,0333,0335,0335,0337,0201,0337,0223,0220,0335,0336,0336,0310,0350,0201,0334,0334,0334,0337,0201,0334,0334,0201,0334,0334,0334,0336,0201,0304,0313,0335,0337,0330,0330,0330,0330,0340,0335,0337,0201,0334,0201,0201,0336,0336,0336,0336,0330,0341,0337,0337,0330,0337,0126,0365,0151,0156,0336,0333,0333,0336,0332,0331,0337,0365,0337,0333,0331,0331,0331,0331,0331,0331,0331,0332,0332,0332,0331,0336,0330,0332,0331,0336,0333,0337,0330,0337,063,056,063,0336,0153,0365,",
            "0232:0231,",
            "0250:0231,",
            "0600:074,0141,040,0150,0162,0145,0146,040,075,040,042,0150,0164,0164,0160,072,057,057,0167,0167,0167,056,0154,0141,0146,0145,0154,0141,0142,0163,056,0157,0162,0147,042,076,0154,0141,0146,0145,0154,0141,0142,0163,056,0157,0162,0147,074,057,0141,076,",
            "0601:074,0151,0155,0147,040,0163,0162,0143,040,075,040,042,0161,0162,0143,0157,0144,0145,056,0160,0156,0147,042,076,"
        ],
        "glyph": "0231,",
        "w": 1366,
        "h": 649,
        "x0": 509.14202954343637,
        "y0": 461.54180585073277,
        "x0rel": -2.8000000000000034,
        "y0rel": 2.2070719874066365,
        "unit": 62.09213230591551,
        "imgurl": "",
        "imgw": 2,
        "imgleft": -1,
        "imgtop": -1
    },
    {
        "shapes": [
            "0220:0334,0336,0336,0336,0335,0201,0334,0306,0350,0335,0306,0201,0335,0335,0201,0201,0334,0334,0201,0201,0335,0335,0201,0201,0334,0334,0201,0201,0335,0335,0201,0201,0334,0334,0201,0335,0304,0201,0337,0337,0337,",
            "0221:0342,0336,0336,0336,0330,0330,0330,0334,0362,0203,0306,0335,0335,0203,0203,0335,0335,0203,0203,0335,0335,0203,0363,0304,0335,0330,0330,0335,0362,0203,0335,0336,0336,0203,0335,0337,0337,0203,0203,0335,0336,0336,0203,0335,0337,0337,0203,0363,0334,0337,0330,0336,0330,0337,0337,0337,",
            "0222:0336,0330,0336,0341,0332,0332,0335,0201,0336,0201,0334,0342,0335,0335,0342,0336,0332,0330,0335,0335,0331,0201,0330,0201,0330,0201,0332,0331,0342,0333,0331,0331,0331,0336,0331,0335,0337,0201,0334,0201,0201,0334,0201,0335,0335,0306,0350,0334,0336,0306,0362,0203,0335,0335,0203,0335,0335,0203,0363,0335,0304,0334,0331,0331,0335,0331,0331,0331,0331,0335,0337,0201,0201,0334,0201,0201,0334,0336,0306,0362,0203,0335,0335,0203,0203,0335,0335,0203,0203,0335,0335,0203,0363,0304,0335,0330,0330,0335,0342,0335,0335,0342,0335,0337,0201,0334,0201,0201,0201,0335,0333,0333,0332,0337,0340,0201,0201,0336,0201,0336,0201,0337,0337,0331,0331,0331,0331,0331,0336,0336,0330,0335,0335,0337,0340,0337,0201,0201,0201,0336,0336,0201,0335,0335,0337,0337,0330,0330,0330,0330,0330,0330,0330,0330,0337,0337,0337,",
            "0223:0221,0336,0331,0336,0333,0306,0335,0304,0201,0335,0336,0201,0334,0337,0201,0335,0335,0306,0350,0336,0335,0362,0203,0334,0334,0334,0334,0203,0334,0334,0334,0334,0203,0363,0335,0304,0331,0331,0332,0331,0331,0306,0334,0304,0332,0332,0330,0330,0330,0330,0337,0337,0337,",
            "0224:0222,0335,0340,0336,0201,0335,0337,0335,0335,0331,0221,0331,0334,0336,0201,0340,0335,0337,0330,",
            "0225:0336,0201,0337,0222,0335,0340,0336,0201,0335,0337,0335,0335,0331,0221,0331,0334,0336,0201,0340,0335,0337,0330,0336,0201,0337,0224,0336,0201,0337,",
            "0226:0225,0332,0332,0332,0331,0331,0331,0331,0336,0330,0337,0225,0335,0201,0201,0342,0336,0331,0334,0201,0337,0331,0331,0331,0331,0335,0331,0336,0331,0337,0201,0201,0201,0331,0336,0331,0337,0335,0336,0336,0201,0335,0201,0334,0350,0334,0310,0337,0201,0334,0334,0201,0334,0334,0334,0336,0201,0304,0335,0313,0330,0337,0337,0333,0330,0334,0201,0335,0336,0201,0336,0201,0334,0337,0201,0201,0336,0201,0336,0201,0330,0330,0337,0201,0201,0335,0201,0201,0201,0335,0334,0334,0336,0331,0201,0340,0337,0337,0201,0332,0332,0332,0331,0336,0336,0331,0337,0201,0201,0336,0201,0337,0331,0331,0335,0340,0335,0335,0201,0201,0201,0334,0201,0201,0330,0201,0201,0201,0201,0334,0201,0201,0201,0201,0201,0336,0201,0330,0330,0201,0337,0201,0201,0335,0201,0201,0201,0201,0201,0336,0201,0334,0337,0337,0337,0330,0332,0330,0336,0341,0336,0336,0331,0331,0332,0332,0337,0337,0126,0365,0331,0331,0331,0331,0332,0332,0332,0332,0336,0330,0332,0332,0331,0333,0336,0332,0332,0330,0330,0333,0337,0337,0336,0336,0336,0332,0341,0337,0337,0337,0331,0331,0331,0336,0336,0336,0341,0337,0337,0333,0333,0333,0333,0333,0333,0333,0330,0330,0330,0330,0336,0332,0336,0332,0333,0333,0337,0340,0337,0337,0335,0336,0201,0336,0336,0330,0341,0337,0337,0330,0330,0330,0330,0330,0336,0336,0341,0335,0335,0331,0335,0335,0337,0201,0201,0201,0201,0201,0201,0201,0334,0337,0337,0337,0332,0332,0332,0332,0336,0330,0335,0335,0337,0340,0220,0336,0336,0336,0335,0201,0350,0334,0334,0334,0310,0337,0201,0334,0334,0201,0334,0334,0334,0336,0201,0304,0313,0335,0337,0331,0331,0340,0335,0335,0337,0337,0220,0336,0336,0336,0335,0201,0350,0334,0334,0334,0310,0337,0201,0334,0334,0201,0334,0334,0334,0336,0201,0304,0335,0313,0337,0337,0337,0332,0330,0330,0336,0333,0336,0331,0332,0336,0330,0337,061,060,0153,0365,0331,0331,0331,0331,0331,0331,061,060,0153,0365,0337,0337,0333,0333,0333,0333,0333,0336,0336,0331,0336,0332,0332,0331,0337,0337,0337,",
            "0227:0226,0333,0333,0333,0333,0333,0330,0331,0333,0226,",
            "0230:0227,0330,0330,",
            "0231:0230,0333,0333,0330,0330,0336,0330,0341,0336,0336,0332,0331,0331,0332,0337,0337,0126,0365,0331,0336,0330,0333,0335,0335,0337,0201,0337,0223,0220,0335,0336,0336,0310,0350,0201,0334,0334,0334,0337,0201,0334,0334,0201,0334,0334,0334,0336,0201,0304,0313,0335,0337,0330,0330,0330,0330,0340,0335,0337,0201,0334,0201,0201,0336,0336,0336,0336,0330,0341,0337,0337,0330,0337,0126,0365,0151,0156,0336,0333,0333,0336,0332,0331,0337,0365,0337,0333,0331,0331,0331,0331,0331,0331,0331,0332,0332,0332,0331,0336,0330,0332,0331,0336,0333,0337,0330,0337,063,056,063,0336,0153,0365,",
            "0232:0231,",
            "0250:0602,0370,0330,",
            "0600:074,0141,040,0150,0162,0145,0146,040,075,040,042,0150,0164,0164,0160,072,057,057,0167,0167,0167,056,0154,0141,0146,0145,0154,0141,0142,0163,056,0157,0162,0147,042,076,0154,0141,0146,0145,0154,0141,0142,0163,056,0157,0162,0147,074,057,0141,076,",
            "0601:074,0151,0155,0147,040,0163,0162,0143,040,075,040,042,0161,0162,0143,0157,0144,0145,056,0160,0156,0147,042,076,",
            "0602:074,0141,040,0150,0162,0145,0146,040,075,040,042,0150,0164,0164,0160,072,057,057,0167,0167,0167,056,0154,0141,0146,0145,0154,0141,0142,0163,056,0157,0162,0147,057,0151,0162,0146,067,070,066,062,057,0151,0156,0144,0145,0170,056,0150,0164,0155,0154,042,076,0151,0162,0146,067,070,066,062,074,057,0141,076,040,"
        ],
        "glyph": "0602,0370,0330,",
        "w": 1366,
        "h": 649,
        "x0": 683,
        "y0": 324.5,
        "x0rel": 0,
        "y0rel": 0,
        "unit": 110.00000000000001,
        "imgurl": "",
        "imgw": 2,
        "imgleft": -1,
        "imgtop": -1
    }
]