[
    {
        "shapes": [
            "0242:0304,0350,0335,0342,0350,0334,0336,0330,0336,0336,0341,0337,0337,0331,0337,0335,0351,",
            "0243:0242,0242,0242,0242,0242,0242,0242,0242,",
            "0244:0341,0326,0242,0335,0242,0335,0242,0335,0242,0335,0324,0305,0335,0304,0242,0305,0335,0304,0242,0305,0335,0304,0242,0305,0335,0304,0242,0305,0335,0342,0306,0322,0335,0304,0242,0306,0335,0304,0242,0306,0335,0342,0335,0304,0242,0306,0335,0304,0242,0306,0335,0320,0304,",
            "0245:0244,0330,0336,0336,0336,0330,0330,0337,0337,0603,0337,0370,0336,0604,0333,0333,0336,0331,0331,0331,0336,0330,0332,0336,0330,0337,0337,0337,0337,0371,0605,0336,0336,0331,0336,0333,0337,0337,0337,0372,0336,0331,0336,0333,0336,0332,0336,0332,0331,0330,0330,0330,0330,0337,0337,0337,0606,0337,0373,0336,0331,0331,0336,0330,0332,0336,0333,0337,0337,0304,",
            "0250:01304,0336,0331,0332,0332,0336,0330,0333,0337,0600,0370,",
            "0600:0106,0157,0165,0162,0146,0157,0154,0144,040,0163,0171,0155,0155,0145,0164,0162,0171,072,040,071,060,040,0144,0145,0147,0162,0145,0145,0163,040,",
            "0601:0104,0151,0166,0151,0144,0145,040,071,060,040,0142,0171,040,0164,0167,0157,040,0164,0157,040,0147,0145,0164,040,064,065,040,0144,0145,0147,0162,0145,0145,0163,072,040,070,040,0146,0157,0154,0144,040,0163,0171,0155,0155,0145,0164,0162,0171,",
            "0602:074,0163,0160,0141,0156,040,0163,0164,0171,0154,0145,040,075,040,042,0146,0157,0156,0164,055,0163,0151,0172,0145,072,061,066,0160,0170,042,076,0106,0151,0166,0145,040,0146,0157,0154,0144,040,0163,0171,0155,0155,0145,0164,0162,0171,072,040,067,062,040,0144,0145,0147,0162,0145,0145,0163,040,075,044,0134,0146,0162,0141,0143,0173,062,0134,0160,0151,0175,0173,065,0175,044,040,0162,0141,0144,0151,0141,0156,0163,074,057,0163,0160,0141,0156,076,",
            "0603:044,060,0136,0173,0134,0143,0151,0162,0143,0175,044,040,",
            "0604:074,0163,0160,0141,0156,040,0163,0164,0171,0154,0145,040,075,040,042,0143,0157,0154,0157,0162,072,0162,0145,0144,042,076,044,066,060,0136,0173,0134,0143,0151,0162,0143,0175,044,074,057,0163,0160,0141,0156,076,040,",
            "0605:074,0163,0160,0141,0156,040,0163,0164,0171,0154,0145,040,075,040,042,0143,0157,0154,0157,0162,072,0171,0145,0154,0154,0157,0167,042,076,044,067,062,0136,0173,0134,0143,0151,0162,0143,0175,044,074,057,0163,0160,0141,0156,076,",
            "0606:074,0163,0160,0141,0156,040,0163,0164,0171,0154,0145,040,075,040,042,0143,0157,0154,0157,0162,072,0142,0154,0165,0145,042,076,044,071,060,0136,0173,0134,0143,0151,0162,0143,0175,044,074,057,0163,0160,0141,0156,076,040,"
        ],
        "glyph": "01304,0336,0331,0332,0332,0336,0330,0333,0337,0600,0370,",
        "w": 1366,
        "h": 672,
        "x0": 510.22126618000004,
        "y0": 336,
        "x0rel": -0.7327504951847542,
        "y0rel": 0,
        "unit": 235.79476910000022,
        "imgurl": "",
        "imgw": 2,
        "imgleft": -1,
        "imgtop": -1
    },
    {
        "shapes": [
            "0242:0304,0350,0335,0342,0350,0334,0336,0330,0336,0336,0341,0337,0337,0331,0337,0335,0351,",
            "0243:0242,0242,0242,0242,0242,0242,0242,0242,",
            "0244:0341,0326,0242,0335,0242,0335,0242,0335,0242,0335,0324,0305,0335,0304,0242,0305,0335,0304,0242,0305,0335,0304,0242,0305,0335,0304,0242,0305,0335,0342,0306,0322,0335,0304,0242,0306,0335,0304,0242,0306,0335,0342,0335,0304,0242,0306,0335,0304,0242,0306,0335,0320,0304,",
            "0245:0244,0330,0336,0336,0336,0330,0330,0337,0337,0603,0337,0370,0336,0604,0333,0333,0336,0331,0331,0331,0336,0330,0332,0336,0330,0337,0337,0337,0337,0371,0605,0336,0336,0331,0336,0333,0337,0337,0337,0372,0336,0331,0336,0333,0336,0332,0336,0332,0331,0330,0330,0330,0330,0337,0337,0337,0606,0337,0373,0336,0331,0331,0336,0330,0332,0336,0333,0337,0337,0304,",
            "0250:01304,01350,0331,0332,0332,0336,0330,0336,0330,0601,0330,0330,0330,0332,0332,0337,0337,0337,0337,0370,0336,0336,0336,0331,0331,0331,0331,0333,0333,0333,0336,0330,0330,0337,0350,0366,0335,0367,0366,0335,0367,0366,0335,0367,0366,0335,0367,0366,0335,0367,0366,0335,0367,0366,0335,0367,0366,0335,0367,0366,0304,0333,0330,0333,0333,0333,0333,0337,0243,",
            "0600:0106,0157,0165,0162,0146,0157,0154,0144,040,0163,0171,0155,0155,0145,0164,0162,0171,072,040,071,060,040,0144,0145,0147,0162,0145,0145,0163,040,",
            "0601:074,0163,0160,0141,0156,040,0163,0164,0171,0154,0145,040,075,040,042,0146,0157,0156,0164,055,0163,0151,0172,0145,072,061,066,0160,0170,042,076,0104,0151,0166,0151,0144,0145,040,071,060,040,0142,0171,040,0164,0167,0157,040,0164,0157,040,0147,0145,0164,040,064,065,040,0144,0145,0147,0162,0145,0145,0163,072,040,070,040,0146,0157,0154,0144,040,0163,0171,0155,0155,0145,0164,0162,0171,074,057,0163,0160,0141,0156,076,",
            "0602:074,0163,0160,0141,0156,040,0163,0164,0171,0154,0145,040,075,040,042,0146,0157,0156,0164,055,0163,0151,0172,0145,072,061,066,0160,0170,042,076,0106,0151,0166,0145,040,0146,0157,0154,0144,040,0163,0171,0155,0155,0145,0164,0162,0171,072,040,067,062,040,0144,0145,0147,0162,0145,0145,0163,040,075,044,0134,0146,0162,0141,0143,0173,062,0134,0160,0151,0175,0173,065,0175,044,040,0162,0141,0144,0151,0141,0156,0163,074,057,0163,0160,0141,0156,076,",
            "0603:044,060,0136,0173,0134,0143,0151,0162,0143,0175,044,040,",
            "0604:074,0163,0160,0141,0156,040,0163,0164,0171,0154,0145,040,075,040,042,0143,0157,0154,0157,0162,072,0162,0145,0144,042,076,044,066,060,0136,0173,0134,0143,0151,0162,0143,0175,044,074,057,0163,0160,0141,0156,076,040,",
            "0605:074,0163,0160,0141,0156,040,0163,0164,0171,0154,0145,040,075,040,042,0143,0157,0154,0157,0162,072,0171,0145,0154,0154,0157,0167,042,076,044,067,062,0136,0173,0134,0143,0151,0162,0143,0175,044,074,057,0163,0160,0141,0156,076,",
            "0606:074,0163,0160,0141,0156,040,0163,0164,0171,0154,0145,040,075,040,042,0143,0157,0154,0157,0162,072,0142,0154,0165,0145,042,076,044,071,060,0136,0173,0134,0143,0151,0162,0143,0175,044,074,057,0163,0160,0141,0156,076,040,"
        ],
        "glyph": "01304,01350,0331,0332,0332,0336,0330,0336,0330,0601,0330,0330,0330,0332,0332,0337,0337,0337,0337,0370,0336,0336,0336,0331,0331,0331,0331,0333,0333,0333,0336,0330,0330,0337,0350,0366,0335,0367,0366,0335,0367,0366,0335,0367,0366,0335,0367,0366,0335,0367,0366,0335,0367,0366,0335,0367,0366,0335,0367,0366,0304,0333,0330,0333,0333,0333,0333,0337,0243,",
        "w": 1366,
        "h": 672,
        "x0": 449.76,
        "y0": 296,
        "x0rel": -1.7523666416228394,
        "y0rel": -0.30052592036063097,
        "unit": 133.10000000000005,
        "imgurl": "",
        "imgw": 2,
        "imgleft": -1,
        "imgtop": -1
    },
    {
        "shapes": [
            "0242:0304,0350,0335,0342,0350,0334,0336,0330,0336,0336,0341,0337,0337,0331,0337,0335,0351,",
            "0243:0242,0242,0242,0242,0242,0242,0242,0242,",
            "0244:0341,0326,0242,0335,0242,0335,0242,0335,0242,0335,0324,0305,0335,0304,0242,0305,0335,0304,0242,0305,0335,0304,0242,0305,0335,0304,0242,0305,0335,0342,0306,0322,0335,0304,0242,0306,0335,0304,0242,0306,0335,0342,0335,0304,0242,0306,0335,0304,0242,0306,0335,0320,0304,",
            "0245:0244,0330,0336,0336,0336,0330,0330,0337,0337,0603,0337,0370,0336,0604,0333,0333,0336,0331,0331,0331,0336,0330,0332,0336,0330,0337,0337,0337,0337,0371,0605,0336,0336,0331,0336,0333,0337,0337,0337,0372,0336,0331,0336,0333,0336,0332,0336,0332,0331,0330,0330,0330,0330,0337,0337,0337,0606,0337,0373,0336,0331,0331,0336,0330,0332,0336,0333,0337,0337,0304,",
            "0250:01305,0336,0331,0332,0332,0336,0330,0337,0337,0602,0370,0304,0333,0336,0336,0333,0333,0333,0337,0305,0341,0201,0341,0335,0201,0341,0335,0201,0341,0335,0201,0341,0335,0201,0341,0335,0335,0334,",
            "0600:0106,0157,0165,0162,0146,0157,0154,0144,040,0163,0171,0155,0155,0145,0164,0162,0171,072,040,071,060,040,0144,0145,0147,0162,0145,0145,0163,040,",
            "0601:074,0163,0160,0141,0156,040,0163,0164,0171,0154,0145,040,075,040,042,0146,0157,0156,0164,055,0163,0151,0172,0145,072,061,066,0160,0170,042,076,0104,0151,0166,0151,0144,0145,040,071,060,040,0142,0171,040,0164,0167,0157,040,0164,0157,040,0147,0145,0164,040,064,065,040,0144,0145,0147,0162,0145,0145,0163,072,040,070,040,0146,0157,0154,0144,040,0163,0171,0155,0155,0145,0164,0162,0171,074,057,0163,0160,0141,0156,076,",
            "0602:074,0163,0160,0141,0156,040,0163,0164,0171,0154,0145,040,075,040,042,0146,0157,0156,0164,055,0163,0151,0172,0145,072,061,066,0160,0170,042,076,0106,0151,0166,0145,040,0146,0157,0154,0144,040,0163,0171,0155,0155,0145,0164,0162,0171,072,040,067,062,040,0144,0145,0147,0162,0145,0145,0163,040,075,044,0134,0146,0162,0141,0143,0173,062,0134,0160,0151,0175,0173,065,0175,044,040,0162,0141,0144,0151,0141,0156,0163,074,057,0163,0160,0141,0156,076,",
            "0603:044,060,0136,0173,0134,0143,0151,0162,0143,0175,044,040,",
            "0604:074,0163,0160,0141,0156,040,0163,0164,0171,0154,0145,040,075,040,042,0143,0157,0154,0157,0162,072,0162,0145,0144,042,076,044,066,060,0136,0173,0134,0143,0151,0162,0143,0175,044,074,057,0163,0160,0141,0156,076,040,",
            "0605:074,0163,0160,0141,0156,040,0163,0164,0171,0154,0145,040,075,040,042,0143,0157,0154,0157,0162,072,0171,0145,0154,0154,0157,0167,042,076,044,067,062,0136,0173,0134,0143,0151,0162,0143,0175,044,074,057,0163,0160,0141,0156,076,",
            "0606:074,0163,0160,0141,0156,040,0163,0164,0171,0154,0145,040,075,040,042,0143,0157,0154,0157,0162,072,0142,0154,0165,0145,042,076,044,071,060,0136,0173,0134,0143,0151,0162,0143,0175,044,074,057,0163,0160,0141,0156,076,040,"
        ],
        "glyph": "01305,0336,0331,0332,0332,0336,0330,0337,0337,0602,0370,0304,0333,0336,0336,0333,0333,0333,0337,0305,0341,0201,0341,0335,0201,0341,0335,0201,0341,0335,0201,0341,0335,0201,0341,0335,0335,0334,",
        "w": 1366,
        "h": 672,
        "x0": 496.65999999999997,
        "y0": 336,
        "x0rel": -1.0518407212622083,
        "y0rel": 0,
        "unit": 177.15610000000012,
        "imgurl": "",
        "imgw": 2,
        "imgleft": -1,
        "imgtop": -1
    },
    {
        "shapes": [
            "0242:0304,0350,0335,0342,0350,0334,0336,0330,0336,0336,0341,0337,0337,0331,0337,0335,0351,",
            "0243:0242,0242,0242,0242,0242,0242,0242,0242,",
            "0244:0341,0326,0242,0335,0242,0335,0242,0335,0242,0335,0324,0305,0335,0304,0242,0305,0335,0304,0242,0305,0335,0304,0242,0305,0335,0304,0242,0305,0335,0342,0306,0322,0335,0304,0242,0306,0335,0304,0242,0306,0335,0342,0335,0304,0242,0306,0335,0304,0242,0306,0335,0320,0304,",
            "0245:0244,0330,0336,0336,0336,0330,0330,0337,0337,0603,0337,0370,0336,0604,0333,0333,0336,0331,0331,0331,0336,0330,0332,0336,0330,0337,0337,0337,0337,0371,0605,0336,0336,0331,0336,0333,0337,0337,0337,0372,0336,0331,0336,0333,0336,0332,0336,0332,0331,0330,0330,0330,0330,0337,0337,0337,0606,0337,0373,0336,0331,0331,0336,0330,0332,0336,0333,0337,0337,0304,",
            "0250:01306,0336,0336,0336,0333,0333,0333,0333,0337,0337,0306,0341,0201,0335,0341,0201,0335,0341,0201,0335,0341,0201,0335,0341,0201,0335,0341,0201,0335,0304,0332,0332,0332,0336,0331,0332,0337,0337,0602,0370,",
            "0600:0106,0157,0165,0162,0146,0157,0154,0144,040,0163,0171,0155,0155,0145,0164,0162,0171,072,040,071,060,040,0144,0145,0147,0162,0145,0145,0163,040,",
            "0601:074,0163,0160,0141,0156,040,0163,0164,0171,0154,0145,040,075,040,042,0146,0157,0156,0164,055,0163,0151,0172,0145,072,061,066,0160,0170,042,076,0104,0151,0166,0151,0144,0145,040,071,060,040,0142,0171,040,0164,0167,0157,040,0164,0157,040,0147,0145,0164,040,064,065,040,0144,0145,0147,0162,0145,0145,0163,072,040,070,040,0146,0157,0154,0144,040,0163,0171,0155,0155,0145,0164,0162,0171,074,057,0163,0160,0141,0156,076,",
            "0602:074,0163,0160,0141,0156,040,0163,0164,0171,0154,0145,040,075,040,042,0146,0157,0156,0164,055,0163,0151,0172,0145,072,061,066,0160,0170,042,076,0123,0151,0170,040,0146,0157,0154,0144,040,0163,0171,0155,0155,0145,0164,0162,0171,072,040,066,060,040,0144,0145,0147,0162,0145,0145,0163,040,075,044,0134,0146,0162,0141,0143,0173,0134,0160,0151,0175,0173,063,0175,044,040,0162,0141,0144,0151,0141,0156,0163,074,057,0163,0160,0141,0156,076,040,",
            "0603:044,060,0136,0173,0134,0143,0151,0162,0143,0175,044,040,",
            "0604:074,0163,0160,0141,0156,040,0163,0164,0171,0154,0145,040,075,040,042,0143,0157,0154,0157,0162,072,0162,0145,0144,042,076,044,066,060,0136,0173,0134,0143,0151,0162,0143,0175,044,074,057,0163,0160,0141,0156,076,040,040,",
            "0605:074,0163,0160,0141,0156,040,0163,0164,0171,0154,0145,040,075,040,042,0143,0157,0154,0157,0162,072,0171,0145,0154,0154,0157,0167,042,076,044,067,062,0136,0173,0134,0143,0151,0162,0143,0175,044,074,057,0163,0160,0141,0156,076,",
            "0606:074,0163,0160,0141,0156,040,0163,0164,0171,0154,0145,040,075,040,042,0143,0157,0154,0157,0162,072,0142,0154,0165,0145,042,076,044,071,060,0136,0173,0134,0143,0151,0162,0143,0175,044,074,057,0163,0160,0141,0156,076,040,"
        ],
        "glyph": "01306,0336,0336,0336,0333,0333,0333,0333,0337,0337,0306,0341,0201,0335,0341,0201,0335,0341,0201,0335,0341,0201,0335,0341,0201,0335,0341,0201,0335,0304,0332,0332,0332,0336,0331,0332,0337,0337,0602,0370,",
        "w": 1366,
        "h": 672,
        "x0": 434.98145999999963,
        "y0": 336,
        "x0rel": -1.2727272727272736,
        "y0rel": 0,
        "unit": 194.87171000000015,
        "imgurl": "",
        "imgw": 2,
        "imgleft": -1,
        "imgtop": -1
    },
    {
        "shapes": [
            "0242:0334,0336,0336,0336,0336,0336,0331,0337,0362,0203,0335,0337,0337,0337,0337,0203,0335,0336,0336,0336,0336,0203,0335,0337,0337,0337,0337,0203,0363,0335,0335,0336,0336,0336,0336,0336,0332,0337,0337,0337,0337,0337,",
            "0243:0242,0242,0242,0242,0242,0242,0242,0242,",
            "0244:0341,0326,0242,0335,0242,0335,0242,0335,0242,0335,0324,0305,0335,0304,0242,0305,0335,0304,0242,0305,0335,0304,0242,0305,0335,0304,0242,0305,0335,0342,0306,0322,0335,0304,0242,0306,0335,0304,0242,0306,0335,0342,0335,0304,0242,0306,0335,0304,0242,0306,0335,0320,0304,",
            "0245:0244,0330,0336,0336,0336,0330,0330,0337,0337,0603,0337,0370,0336,0604,0333,0333,0336,0331,0331,0331,0336,0330,0332,0336,0330,0337,0337,0337,0337,0371,0605,0336,0336,0331,0336,0333,0337,0337,0337,0372,0336,0331,0336,0333,0336,0332,0336,0332,0331,0330,0330,0330,0330,0337,0337,0337,0606,0337,0373,0336,0331,0331,0336,0330,0332,0336,0333,0337,0337,0304,",
            "0250:0244,0330,0336,0336,0336,0330,0330,0337,0337,0603,0337,0370,0336,0604,0333,0333,0336,0331,0331,0331,0336,0330,0332,0336,0330,0337,0337,0337,0337,0371,0605,0336,0336,0331,0336,0333,0337,0337,0337,0372,0336,0331,0336,0333,0336,0332,0336,0332,0331,0330,0330,0330,0330,0337,0337,0337,0606,0337,0373,0336,0331,0331,0336,0330,0332,0336,0333,0337,0337,0304,",
            "0600:0106,0157,0165,0162,0146,0157,0154,0144,040,0163,0171,0155,0155,0145,0164,0162,0171,072,040,071,060,040,0144,0145,0147,0162,0145,0145,0163,040,",
            "0601:074,0163,0160,0141,0156,040,0163,0164,0171,0154,0145,040,075,040,042,0146,0157,0156,0164,055,0163,0151,0172,0145,072,061,066,0160,0170,042,076,0104,0151,0166,0151,0144,0145,040,071,060,040,0142,0171,040,0164,0167,0157,040,0164,0157,040,0147,0145,0164,040,064,065,040,0144,0145,0147,0162,0145,0145,0163,072,040,070,040,0146,0157,0154,0144,040,0163,0171,0155,0155,0145,0164,0162,0171,074,057,0163,0160,0141,0156,076,",
            "0602:074,0163,0160,0141,0156,040,0163,0164,0171,0154,0145,040,075,040,042,0146,0157,0156,0164,055,0163,0151,0172,0145,072,061,066,0160,0170,042,076,0123,0151,0170,040,0146,0157,0154,0144,040,0163,0171,0155,0155,0145,0164,0162,0171,072,040,066,060,040,0144,0145,0147,0162,0145,0145,0163,040,075,044,0134,0146,0162,0141,0143,0173,0134,0160,0151,0175,0173,063,0175,044,040,0162,0141,0144,0151,0141,0156,0163,074,057,0163,0160,0141,0156,076,040,",
            "0603:044,060,0136,0173,0134,0143,0151,0162,0143,0175,044,040,",
            "0604:074,0163,0160,0141,0156,040,0163,0164,0171,0154,0145,040,075,040,042,0143,0157,0154,0157,0162,072,0162,0145,0144,042,076,044,066,060,0136,0173,0134,0143,0151,0162,0143,0175,044,074,057,0163,0160,0141,0156,076,040,",
            "0605:074,0163,0160,0141,0156,040,0163,0164,0171,0154,0145,040,075,040,042,0143,0157,0154,0157,0162,072,0171,0145,0154,0154,0157,0167,042,076,044,067,062,0136,0173,0134,0143,0151,0162,0143,0175,044,074,057,0163,0160,0141,0156,076,",
            "0606:074,0163,0160,0141,0156,040,0163,0164,0171,0154,0145,040,075,040,042,0143,0157,0154,0157,0162,072,0142,0154,0165,0145,042,076,044,071,060,0136,0173,0134,0143,0151,0162,0143,0175,044,074,057,0163,0160,0141,0156,076,040,"
        ],
        "glyph": "0244,0330,0336,0336,0336,0330,0330,0337,0337,0603,0337,0370,0336,0604,0333,0333,0336,0331,0331,0331,0336,0330,0332,0336,0330,0337,0337,0337,0337,0371,0605,0336,0336,0331,0336,0333,0337,0337,0337,0372,0336,0331,0336,0333,0336,0332,0336,0332,0331,0330,0330,0330,0330,0337,0337,0337,0606,0337,0373,0336,0331,0331,0336,0330,0332,0336,0333,0337,0337,0304,",
        "w": 1366,
        "h": 672,
        "x0": 683,
        "y0": 336,
        "x0rel": 0,
        "y0rel": 0,
        "unit": 177.15610000000012,
        "imgurl": "",
        "imgw": 2,
        "imgleft": -1,
        "imgtop": -1
    },
    {
        "shapes": [
            "0242:0306,0350,0335,0342,0350,0334,0336,0330,0336,0336,0336,0341,0337,0337,0337,0331,0337,0335,",
            "0243:0242,0242,0242,0242,0242,0242,0242,0242,0242,0242,0242,0242,0304,0332,0332,0332,0332,01306,01350,0336,0331,0331,0331,063,060,040,0144,0145,0147,0162,0145,0145,0163,0336,0333,0333,0333,0333,0333,0365,",
            "0244:0341,0326,0242,0335,0242,0335,0242,0335,0242,0335,0324,0305,0335,0304,0242,0305,0335,0304,0242,0305,0335,0304,0242,0305,0335,0304,0242,0305,0335,0342,0306,0322,0335,0304,0242,0306,0335,0304,0242,0306,0335,0342,0335,0304,0242,0306,0335,0304,0242,0306,0335,0320,0304,",
            "0245:0244,0330,0336,0336,0336,0330,0330,0337,0337,0603,0337,0370,0336,0604,0333,0333,0336,0331,0331,0331,0336,0330,0332,0336,0330,0337,0337,0337,0337,0371,0605,0336,0336,0331,0336,0333,0337,0337,0337,0372,0336,0331,0336,0333,0336,0332,0336,0332,0331,0330,0330,0330,0330,0337,0337,0337,0606,0337,0373,0336,0331,0331,0336,0330,0332,0336,0333,0337,0337,0304,",
            "0250:0242,0242,0242,0242,0242,0242,0242,0242,0242,0242,0242,0242,0304,0332,0332,0332,0332,01306,01350,0336,0331,0331,0331,063,060,040,0144,0145,0147,0162,0145,0145,0163,0336,0333,0333,0333,0333,0333,0365,",
        ],
        "glyph": "0242,0242,0242,0242,0242,0242,0242,0242,0242,0242,0242,0242,0304,0332,0332,0332,0332,01306,01350,0336,0331,0331,0331,063,060,040,0144,0145,0147,0162,0145,0145,0163,0336,0333,0333,0333,0333,0333,0365,",
        "w": 1366,
        "h": 672,
        "x0": 703,
        "y0": 336,
        "x0rel": 0.22,
        "y0rel": 0,
        "unit": 90.9090909090909,
        "imgurl": "",
        "imgw": 2,
        "imgleft": -1,
        "imgtop": -1
    }
]