[
    {
        "shapes": [
            "0242:0366,0333,0333,0330,0335,0335,0367,",
            "0250:0331,0332,01366,01367,0330,0200,0332,0200,0332,0336,0336,0330,0333,0337,0164,0365,0333,0333,0171,0365,0330,0330,0330,0330,0332,0332,0332,0332,0332,0332,0332,0332,0103,0165,0142,0151,0143,040,0102,0145,0172,0151,0145,0162,040,0151,0156,040,0107,0145,0157,0155,0145,0164,0162,0157,0156,072,0365,0331,0331,0331,0331,0331,0331,0331,0331,0333,0333,0333,0333,0333,0333,0336,0330,0330,0332,0336,0331,0337,0163,0164,0141,0162,0164,0365,0333,0333,0333,0333,0336,0333,0337,0163,0164,0157,0160,0365,0337,0330,0330,0332,0332,0337,0337,0332,0332,0332,0330,0333,0600,0336,0370,0331,0337,0601,0371,",
            "0600:074,0141,040,0150,0162,0145,0146,040,075,040,042,0150,0164,0164,0160,072,057,057,0167,0167,0167,056,0154,0141,0146,0145,0154,0141,0142,0163,056,0157,0162,0147,057,042,076,0167,0167,0167,056,0154,0141,0146,0145,0154,0141,0142,0163,056,0157,0162,0147,074,057,0141,076,040,",
            "0601:074,0151,0155,0147,040,0163,0162,0143,040,075,040,042,0161,0162,0143,0157,0144,0145,056,0160,0156,0147,042,076,"
        ],
        "glyph": "0331,0332,01366,01367,0330,0200,0332,0200,0332,0336,0336,0330,0333,0337,0164,0365,0333,0333,0171,0365,0330,0330,0330,0330,0332,0332,0332,0332,0332,0332,0332,0332,0103,0165,0142,0151,0143,040,0102,0145,0172,0151,0145,0162,040,0151,0156,040,0107,0145,0157,0155,0145,0164,0162,0157,0156,072,0365,0331,0331,0331,0331,0331,0331,0331,0331,0333,0333,0333,0333,0333,0333,0336,0330,0330,0332,0336,0331,0337,0163,0164,0141,0162,0164,0365,0333,0333,0333,0333,0336,0333,0337,0163,0164,0157,0160,0365,0337,0330,0330,0332,0332,0337,0337,0332,0332,0332,0330,0333,0600,0336,0370,0331,0337,0601,0371,",
        "w": 1357,
        "h": 649,
        "x0": 678.5,
        "y0": 324.5,
        "x0rel": 0,
        "y0rel": 0,
        "unit": 100,
        "imgurl": "",
        "imgw": 2,
        "imgleft": -1,
        "imgtop": -1
    },
    {
        "shapes": [
            "0242:0366,0333,0333,0330,0335,0335,0367,",
            "0250:0335,0336,0333,0333,0333,0337,0337,0342,0330,0340,0331,0366,0336,0336,0330,0330,0332,0332,0332,0332,0332,0332,0335,0335,0337,0337,0367,0330,0340,0331,0342,0336,0336,0335,0330,0332,0332,0332,0332,0332,0336,0331,0336,0330,0331,0331,0333,0333,0337,0141,0156,0143,0150,0157,0162,040,0160,0157,0151,0156,0164,0332,0332,0332,0365,0337,0337,0331,0331,0331,0333,0333,0333,0336,0336,0333,0333,0141,0156,0143,0150,0157,0162,040,0160,0157,0151,0156,0164,0365,"
        ],
        "glyph": "0335,0336,0333,0333,0333,0337,0337,0342,0330,0340,0331,0366,0336,0336,0330,0330,0332,0332,0332,0332,0332,0332,0335,0335,0337,0337,0367,0330,0340,0331,0342,0336,0336,0335,0330,0332,0332,0332,0332,0332,0336,0331,0336,0330,0331,0331,0333,0333,0337,0141,0156,0143,0150,0157,0162,040,0160,0157,0151,0156,0164,0332,0332,0332,0365,0337,0337,0331,0331,0331,0333,0333,0333,0336,0336,0333,0333,0141,0156,0143,0150,0157,0162,040,0160,0157,0151,0156,0164,0365,",
        "w": 1357,
        "h": 672,
        "x0": 678.5,
        "y0": 336,
        "x0rel": 0,
        "y0rel": 0,
        "unit": 100,
        "imgurl": "",
        "imgw": 2,
        "imgleft": -1,
        "imgtop": -1
    },
    {
        "shapes": [
            "0242:0366,0333,0333,0330,0335,0335,0367,",
            "0250:0331,0332,0332,0366,0333,0333,0330,0335,0335,0367,0335,0335,0332,0332,0336,0330,0332,0332,0332,01366,01333,01333,01330,01335,01335,01367,01072,"
        ],
        "glyph": "0331,0332,0332,0366,0333,0333,0330,0335,0335,0367,0335,0335,0332,0332,0336,0330,0332,0332,0332,01366,01333,01333,01330,01335,01335,01367,01072,",
        "w": 1357,
        "h": 649,
        "x0": 678.5,
        "y0": 324.5,
        "x0rel": 0,
        "y0rel": 0,
        "unit": 100,
        "imgurl": "",
        "imgw": 2,
        "imgleft": -1,
        "imgtop": -1
    },
    {
        "shapes": [
            "0242:0366,0333,0333,0330,0335,0335,0367,",
            "0250:0332,0332,0332,0332,0366,0330,0333,0333,0333,0335,0335,0367,0335,0335,0335,0335,0366,0335,0335,0331,0333,0333,0333,0367,"
        ],
        "glyph": "0332,0332,0332,0332,0366,0330,0333,0333,0333,0335,0335,0367,0335,0335,0335,0335,0366,0335,0335,0331,0333,0333,0333,0367,",
        "w": 1357,
        "h": 649,
        "x0": 678.5,
        "y0": 324.5,
        "x0rel": 0,
        "y0rel": 0,
        "unit": 100,
        "imgurl": "",
        "imgw": 2,
        "imgleft": -1,
        "imgtop": -1
    },
    {
        "shapes": [
            "0242:0366,0333,0333,0330,0335,0335,0367,",
            "0250:0332,0332,0366,0333,0333,0333,0367,0335,0335,0366,0333,0333,0333,0367,0335,0335,0337,0366,0333,0336,0333,0337,0367,0335,0335,0366,0333,0336,0333,0337,0367,0335,0335,0337,0366,0336,0333,0336,0333,0337,0337,0367,0335,0335,0366,0333,0336,0336,0332,0337,0337,0367,0335,0335,0336,0336,0333,0336,0333,0337,0314,0337,0341,0336,0313,"
        ],
        "glyph": "0332,0332,0366,0333,0333,0333,0367,0335,0335,0366,0333,0333,0333,0367,0335,0335,0337,0366,0333,0336,0333,0337,0367,0335,0335,0366,0333,0336,0333,0337,0367,0335,0335,0337,0366,0336,0333,0336,0333,0337,0337,0367,0335,0335,0366,0333,0336,0336,0332,0337,0337,0367,0335,0335,0336,0336,0333,0336,0333,0337,0314,0337,0341,0336,0313,",
        "w": 1357,
        "h": 672,
        "x0": 678.5,
        "y0": 336,
        "x0rel": 0,
        "y0rel": 0.15306500000000003,
        "unit": 75.13148009015777,
        "imgurl": "",
        "imgw": 2,
        "imgleft": -1,
        "imgtop": -1
    }
]