[
    {
        "shapes": [
            "0220:0342,0335,0342,0334,0334,0342,0335,0341,0336,0330,0340,0330,0337,0330,0340,0337,0331,0336,",
            "0242:0350,0350,0350,0334,0366,0335,0330,0330,0330,0304,0334,0334,0336,0336,0336,0331,0336,0332,0336,0333,0337,0337,0337,0337,0337,0350,0350,0350,0350,0335,0367,0334,0304,0335,0335,0331,0331,0331,0332,0336,0336,0336,0331,0331,0332,0337,0337,0350,0350,0350,0334,0366,0330,0330,0335,0304,0335,0335,0367,0335,0335,0336,0366,0337,0337,0330,0333,0330,0336,0336,0330,0335,0335,0350,0350,0335,0337,0337,0337,0367,0335,0335,0335,0335,0335,0335,0335,0336,0336,0336,0336,0366,0330,0334,0330,0334,0330,0335,0335,0330,0335,0335,0335,0335,0335,0335,0335,0367,0335,0304,0335,0335,0337,0337,0331,0331,0331,0331,0331,0331,0331,0336,0336,0336,0333,0333,0333,0333,0333,0333,0331,0332,0333,0333,0337,0337,0337,0337,0330,0330,0330,0336,0336,0336,0330,0334,0337,0350,0350,0350,0335,0201,0336,0336,0336,0334,0334,0334,0334,0334,0334,0334,0334,0335,0201,0331,0335,0335,0335,0335,0335,0335,0335,0335,0337,0337,0337,0334,0331,0334,0304,0335,0337,0337,0331,0331,0331,0336,0336,0336,0336,0331,0331,0337,0337,0337,0337,0336,0336,0336,0336,0336,0336,0332,0337,0337,0337,0337,0337,0337,",
            "0243:0330,0330,0330,",
            "0260:0242,"
        ],
        "glyph": "0242,",
        "w": 1366,
        "h": 672,
        "x0": 683,
        "y0": 436,
        "x0rel": 0,
        "y0rel": 0.8264462809917352,
        "unit": 121.00000000000004,
        "imgurl": "https://i.imgur.com/ZtLqfCe.jpg",
        "imgw": 4,
        "imgleft": -2.35,
        "imgtop": -4.55
    },
    {
        "shapes": [
            "0220:0342,0335,0342,0334,0334,0342,0335,0341,0336,0330,0340,0330,0337,0330,0340,0337,0331,0336,",
            "0242:0350,0350,0350,0334,0366,0335,0330,0330,0330,0304,0334,0334,0336,0336,0336,0331,0336,0332,0336,0333,0337,0337,0337,0337,0337,0350,0350,0350,0350,0335,0367,0334,0304,0335,0335,0331,0331,0331,0332,0336,0336,0336,0331,0331,0332,0337,0337,0350,0350,0350,0334,0366,0330,0330,0335,0304,0335,0335,0367,0335,0335,0336,0366,0337,0337,0330,0333,0330,0336,0336,0330,0335,0335,0350,0350,0335,0337,0337,0337,0367,0335,0335,0335,0335,0335,0335,0335,0336,0336,0336,0336,0366,0330,0334,0330,0334,0330,0335,0335,0330,0335,0335,0335,0335,0335,0335,0335,0367,0335,0304,0335,0335,0337,0337,0331,0331,0331,0331,0331,0331,0331,0336,0336,0336,0333,0333,0333,0333,0333,0333,0331,0332,0333,0333,0337,0337,0337,0337,0330,0330,0330,0336,0336,0336,0330,0334,0337,0350,0350,0350,0335,0201,0336,0336,0336,0334,0334,0334,0334,0334,0334,0334,0334,0335,0201,0331,0335,0335,0335,0335,0335,0335,0335,0335,0337,0337,0337,0334,0331,0334,0304,0335,0337,0337,0331,0331,0331,0336,0336,0336,0336,0331,0331,0337,0337,0337,0337,0336,0336,0336,0336,0336,0336,0332,0337,0337,0337,0337,0337,0337,",
            "0243:0330,0330,0330,",
            "0260:0220,0242,"
        ],
        "glyph": "0220,0242,",
        "w": 400,
        "h": 600,
        "x0": 733,
        "y0": 486,
        "x0rel": 0.4545454545454545,
        "y0rel": 1.3636363636363635,
        "unit": 110.00000000000001,
        "imgurl": "",
        "imgw": 2,
        "imgleft": -1,
        "imgtop": -1
    }
]