0220:0201,0350,0335,0201,0335,0201,0335,0335,0335,0201,0335,0342,0334,0334,0201,0335,0335,0304,0201,0335,0336,0336,0330,0333,0337,060,0365,0333,0336,0333,0331,0337,0337,
0221:0201,0350,0335,0201,0335,0201,0335,0335,0335,0201,0335,0342,0334,0334,0201,0335,0335,0304,0201,0335,0336,0336,0330,0333,0337,061,0365,0333,0336,0333,0331,0337,0337,
0222:0332,0332,0332,0332,0336,0336,0220,0221,0220,0221,0221,0221,0221,0220,0221,0220,0220,0220,0221,0221,0220,0221,0221,0220,0221,0220,0221,0220,0221,0220,0221,0220,0221,0221,0220,0221,0220,0221,0350,0335,0201,0334,0201,0331,0335,0331,0334,0304,0337,0337,0332,0332,0332,0332,
0223:0340,0336,0336,0336,0335,0201,0350,0334,0310,0337,0201,0336,0313,0334,0201,0201,0201,0201,0201,0201,0304,0337,0333,0337,0337,0200,0336,0332,0336,0332,0335,0335,0201,0201,0336,0201,0201,0350,0334,0310,0337,0201,0336,0313,0334,0304,0201,0334,0337,0337,0337,
0224:0222,0330,0336,0331,0336,0336,0331,0331,0332,0330,0336,0333,0333,0337,0337,0337,0223,0330,0330,0330,
0225:0224,0331,0331,0333,0336,0330,0330,0332,0122,0105,0101,0104,057,0127,0122,0111,0124,0105,040,0110,0105,0101,0104,0365,0331,0331,0331,0331,0331,0331,0331,0333,0333,0104,0101,0124,0101,0365,
01220:0220,
01221:0221,
01222:0333,0200,0330,0330,0222,0331,0331,0330,0332,0350,0334,0350,0334,0337,0342,0335,0335,0335,0335,0335,0335,0336,0333,0337,0342,0335,0304,0334,0336,0331,
01223:0333,0200,0336,0332,0330,0337,0223,0336,0333,0337,0336,0331,0337,
01224:0333,0200,0336,0330,0332,0224,0330,0335,0335,0201,0335,0201,0335,0201,0335,0201,0335,0201,0335,0330,0334,0330,0331,0331,0304,0333,0331,0337,0335,0335,0331,0331,0331,0331,0333,0333,0336,0336,0336,0330,0337,0337,0337,0337,
01225:0333,0200,0336,0330,0332,0225,0330,0335,0335,0201,0335,0201,0335,0201,0335,0201,0335,0201,0335,0330,0334,0330,0331,0331,0304,0333,0331,0337,0335,0335,0331,0331,0333,0336,0336,0333,0333,0331,0337,0337,0337,0337,
