[
    {
        "shapes": [
            "0220:0201,0350,0335,0201,0335,0201,0335,0335,0335,0201,0335,0342,0334,0334,0201,0335,0335,0304,0201,0335,0336,0336,0330,0333,0337,060,0365,0333,0336,0333,0331,0337,0337,",
            "0221:0201,0350,0335,0201,0335,0201,0335,0335,0335,0201,0335,0342,0334,0334,0201,0335,0335,0304,0201,0335,0336,0336,0330,0333,0337,061,0365,0333,0336,0333,0331,0337,0337,",
            "0222:0332,0332,0332,0332,0336,0336,0220,0221,0220,0221,0221,0221,0221,0220,0221,0220,0220,0220,0221,0221,0220,0221,0221,0220,0221,0220,0221,0220,0221,0220,0221,0220,0221,0221,0220,0221,0220,0221,0350,0335,0201,0334,0201,0331,0335,0331,0334,0304,0337,0337,0332,0332,0332,0332,",
            "0223:0340,0336,0336,0336,0335,0201,0350,0334,0310,0337,0201,0336,0313,0334,0201,0201,0201,0201,0201,0201,0304,0337,0333,0337,0337,0200,0336,0332,0336,0332,0335,0335,0201,0201,0336,0201,0201,0350,0334,0310,0337,0201,0336,0313,0334,0304,0201,0334,0337,0337,0337,",
            "0224:0222,0330,0336,0331,0336,0336,0331,0331,0332,0330,0336,0333,0333,0337,0337,0337,0223,0330,0330,0330,",
            "0225:0224,0331,0331,0333,0336,0330,0330,0332,0122,0105,0101,0104,057,0127,0122,0111,0124,0105,040,0110,0105,0101,0104,0365,0331,0331,0331,0331,0331,0331,0331,0333,0333,0104,0101,0124,0101,0365,",
            "0250:0224,0331,0331,0333,0336,0330,0330,0332,0122,0105,0101,0104,057,0127,0122,0111,0124,0105,040,0110,0105,0101,0104,0365,0331,0331,0331,0331,0331,0331,0331,0333,0333,0104,0101,0124,0101,0365,0337,0337,0337,0330,0332,0332,0336,0330,0336,0330,0337,0331,0336,0330,0332,0124,0165,0162,0151,0156,0147,040,0115,0141,0143,0150,0151,0156,0145,0333,0333,0333,0365,",
            "0600:074,0165,0154,040,0163,0164,0171,0154,0145,040,075,040,042,0167,0151,0144,0164,0150,072,070,060,060,0160,0170,073,0146,0157,0156,0164,055,0163,0151,0172,0145,072,062,064,0160,0170,073,042,076,040,012,074,0154,0151,076,040,012,0127,0150,0157,040,0142,0165,0151,0154,0164,040,0164,0150,0151,0163,040,0155,0141,0143,0150,0151,0156,0145,040,0141,0156,0144,040,0167,0150,0171,077,012,074,057,0154,0151,076,012,074,0154,0151,076,012,0127,0150,0157,040,0162,0145,0160,0141,0151,0162,0163,040,0164,0150,0145,040,0162,0145,0141,0144,057,0167,0162,0151,0164,0145,040,0150,0145,0141,0144,040,0167,0150,0145,0156,040,0151,0164,040,0142,0162,0145,0141,0153,0163,040,0141,0156,0144,040,0167,0150,0171,040,0144,0157,040,0164,0150,0145,0171,040,0143,0141,0162,0145,077,012,074,057,0154,0151,076,012,074,0154,0151,076,012,0127,0150,0145,0156,040,0167,0151,0154,0154,040,0164,0150,0151,0163,040,0155,0141,0143,0150,0151,0156,0145,040,0142,0145,0143,0157,0155,0145,040,0157,0142,0163,0157,0154,0145,0164,0145,077,012,074,057,0154,0151,076,012,074,0154,0151,076,012,0102,0171,040,0167,0150,0141,0164,040,0155,0145,0143,0150,0141,0156,0151,0163,0155,040,0167,0151,0154,0154,040,0151,0164,0163,040,0162,0145,0160,0154,0141,0143,0145,0155,0145,0156,0164,040,0142,0145,040,0143,0162,0141,0164,0145,0144,077,040,040,012,074,057,0154,0151,076,012,074,057,0165,0154,076,012,",
            "0601:012,040,040,",
            "01220:0220,",
            "01221:0221,",
            "01222:0333,0200,0330,0330,0222,0331,0331,0330,0332,0350,0334,0350,0334,0337,0342,0335,0335,0335,0335,0335,0335,0336,0333,0337,0342,0335,0304,0334,0336,0331,",
            "01223:0333,0200,0336,0332,0330,0337,0223,0336,0333,0337,0336,0331,0337,",
            "01224:0333,0200,0336,0330,0332,0224,0330,0335,0335,0201,0335,0201,0335,0201,0335,0201,0335,0201,0335,0330,0334,0330,0331,0331,0304,0333,0331,0337,0335,0335,0331,0331,0331,0331,0333,0333,0336,0336,0336,0330,0337,0337,0337,0337,",
            "01225:0333,0200,0336,0330,0332,0225,0330,0335,0335,0201,0335,0201,0335,0201,0335,0201,0335,0201,0335,0330,0334,0330,0331,0331,0304,0333,0331,0337,0335,0335,0331,0331,0333,0336,0336,0333,0333,0331,0337,0337,0337,0337,"
        ],
        "glyph": "0224,0331,0331,0333,0336,0330,0330,0332,0122,0105,0101,0104,057,0127,0122,0111,0124,0105,040,0110,0105,0101,0104,0365,0331,0331,0331,0331,0331,0331,0331,0333,0333,0104,0101,0124,0101,0365,0337,0337,0337,0330,0332,0332,0336,0330,0336,0330,0337,0331,0336,0330,0332,0124,0165,0162,0151,0156,0147,040,0115,0141,0143,0150,0151,0156,0145,0333,0333,0333,0365,",
        "w": 1357,
        "h": 672,
        "x0": 678.5,
        "y0": 336,
        "x0rel": 0,
        "y0rel": 0,
        "unit": 82.64462809917356,
        "imgurl": "",
        "imgw": 2,
        "imgleft": -1,
        "imgtop": -1
    },
    {
        "shapes": [
            "0220:0201,0350,0335,0201,0335,0201,0335,0335,0335,0201,0335,0342,0334,0334,0201,0335,0335,0304,0201,0335,0336,0336,0330,0333,0337,060,0365,0333,0336,0333,0331,0337,0337,",
            "0221:0201,0350,0335,0201,0335,0201,0335,0335,0335,0201,0335,0342,0334,0334,0201,0335,0335,0304,0201,0335,0336,0336,0330,0333,0337,061,0365,0333,0336,0333,0331,0337,0337,",
            "0222:0332,0332,0332,0332,0336,0336,0220,0221,0220,0221,0221,0221,0221,0220,0221,0220,0220,0220,0221,0221,0220,0221,0221,0220,0221,0220,0221,0220,0221,0220,0221,0220,0221,0221,0220,0221,0220,0221,0350,0335,0201,0334,0201,0331,0335,0331,0334,0304,0337,0337,0332,0332,0332,0332,",
            "0223:0340,0336,0336,0336,0335,0201,0350,0334,0310,0337,0201,0336,0313,0334,0201,0201,0201,0201,0201,0201,0304,0337,0333,0337,0337,0200,0336,0332,0336,0332,0335,0335,0201,0201,0336,0201,0201,0350,0334,0310,0337,0201,0336,0313,0334,0304,0201,0334,0337,0337,0337,",
            "0224:0222,0330,0336,0331,0336,0336,0331,0331,0332,0330,0336,0333,0333,0337,0337,0337,0223,0330,0330,0330,",
            "0225:0224,0331,0331,0333,0336,0330,0330,0332,0122,0105,0101,0104,057,0127,0122,0111,0124,0105,040,0110,0105,0101,0104,0365,0331,0331,0331,0331,0331,0331,0331,0333,0333,0104,0101,0124,0101,0365,",
            "0250:0330,0330,0111,0147,0156,0157,0162,0145,0144,040,0121,0165,0145,0163,0164,0151,0157,0156,0163,072,0336,0332,0332,0332,0332,0332,0332,0332,0332,0337,0337,0337,0330,0330,0332,0332,0332,0332,0332,0336,0330,0333,0365,0331,0600,0337,0337,0370,0331,0336,0331,0336,0330,0337,0337,0601,0333,0371,0333,0333,0333,0333,",
            "0600:074,0165,0154,040,0163,0164,0171,0154,0145,040,075,040,042,0167,0151,0144,0164,0150,072,070,060,060,0160,0170,073,0146,0157,0156,0164,055,0163,0151,0172,0145,072,062,064,0160,0170,073,042,076,040,012,074,0154,0151,076,040,012,0127,0150,0157,040,0142,0165,0151,0154,0164,040,0164,0150,0151,0163,040,0155,0141,0143,0150,0151,0156,0145,040,0141,0156,0144,040,0167,0150,0171,077,012,074,057,0154,0151,076,012,074,0154,0151,076,012,0127,0150,0157,040,0162,0145,0160,0141,0151,0162,0163,040,0164,0150,0145,040,0162,0145,0141,0144,057,0167,0162,0151,0164,0145,040,0150,0145,0141,0144,040,0167,0150,0145,0156,040,0151,0164,040,0142,0162,0145,0141,0153,0163,040,0141,0156,0144,040,0167,0150,0171,040,0144,0157,040,0164,0150,0145,0171,040,0143,0141,0162,0145,077,012,074,057,0154,0151,076,012,074,0154,0151,076,012,0127,0150,0145,0156,040,0167,0151,0154,0154,040,0164,0150,0151,0163,040,0155,0141,0143,0150,0151,0156,0145,040,0142,0145,0143,0157,0155,0145,040,0157,0142,0163,0157,0154,0145,0164,0145,077,012,074,057,0154,0151,076,012,074,0154,0151,076,012,0102,0171,040,0167,0150,0141,0164,040,0155,0145,0143,0150,0141,0156,0151,0163,0155,040,0167,0151,0154,0154,040,0151,0164,0163,040,0162,0145,0160,0154,0141,0143,0145,0155,0145,0156,0164,040,0142,0145,040,0143,0162,0145,0141,0164,0145,0144,077,040,040,012,074,057,0154,0151,040,076,012,074,057,0165,0154,076,012,",
            "0601:012,040,040,074,0160,040,0163,0164,0171,0154,0145,040,075,040,042,0167,0151,0144,0164,0150,072,064,060,060,0160,0170,073,0150,0145,0151,0147,0150,0164,072,061,062,060,0160,0170,073,0146,0157,0156,0164,055,0163,0151,0172,0145,072,061,070,0160,0170,073,042,076,074,0151,040,0163,0164,0171,0154,0145,040,075,040,042,0143,0157,0154,0157,0162,072,0162,0145,0144,073,040,042,076,0111,0156,040,0141,040,040,0167,0157,0162,0154,0144,040,0157,0146,040,0142,0151,0154,0154,0151,0157,0156,0163,040,0157,0146,040,0144,0145,0166,0151,0143,0145,0163,040,0167,0150,0151,0143,0150,040,0141,0162,0145,040,0157,0142,0163,0157,0154,0145,0164,0145,040,0151,0156,040,0141,040,0146,0145,0167,040,0155,0157,0156,0164,0150,0163,040,0164,0150,0145,0163,0145,040,0141,0162,0145,040,0156,0157,0164,040,0157,0156,0154,0171,040,0156,0157,0156,040,0164,0162,0151,0166,0151,0141,0154,040,0161,0165,0145,0163,0164,0151,0157,0156,0163,054,040,0164,0150,0145,0171,040,0141,0162,0145,040,0142,0171,040,0146,0141,0162,040,0164,0150,0145,040,0155,0157,0163,0164,040,0151,0155,0160,0157,0162,0164,0141,0156,0164,056,040,040,0124,0150,0145,0171,040,0141,0162,0145,040,0164,0150,0145,040,0162,0145,0160,0162,0157,0144,0165,0143,0164,0151,0157,0156,040,0155,0145,0143,0150,0141,0156,0151,0163,0155,040,0157,0146,040,0141,040,0154,0151,0146,0145,040,0146,0157,0162,0155,056,040,074,057,0151,076,074,057,0160,076,",
            "01220:0220,",
            "01221:0221,",
            "01222:0333,0200,0330,0330,0222,0331,0331,0330,0332,0350,0334,0350,0334,0337,0342,0335,0335,0335,0335,0335,0335,0336,0333,0337,0342,0335,0304,0334,0336,0331,",
            "01223:0333,0200,0336,0332,0330,0337,0223,0336,0333,0337,0336,0331,0337,",
            "01224:0333,0200,0336,0330,0332,0224,0330,0335,0335,0201,0335,0201,0335,0201,0335,0201,0335,0201,0335,0330,0334,0330,0331,0331,0304,0333,0331,0337,0335,0335,0331,0331,0331,0331,0333,0333,0336,0336,0336,0330,0337,0337,0337,0337,",
            "01225:0333,0200,0336,0330,0332,0225,0330,0335,0335,0201,0335,0201,0335,0201,0335,0201,0335,0201,0335,0330,0334,0330,0331,0331,0304,0333,0331,0337,0335,0335,0331,0331,0333,0336,0336,0333,0333,0331,0337,0337,0337,0337,"
        ],
        "glyph": "0330,0330,0111,0147,0156,0157,0162,0145,0144,040,0121,0165,0145,0163,0164,0151,0157,0156,0163,072,0336,0332,0332,0332,0332,0332,0332,0332,0332,0337,0337,0337,0330,0330,0332,0332,0332,0332,0332,0336,0330,0333,0365,0331,0600,0337,0337,0370,0331,0336,0331,0336,0330,0337,0337,0601,0333,0371,0333,0333,0333,0333,",
        "w": 1357,
        "h": 672,
        "x0": 647.5,
        "y0": 345.5,
        "x0rel": -1.7235743671825943,
        "y0rel": 0.5281921447817627,
        "unit": 17.98587899092136,
        "imgurl": "",
        "imgw": 2,
        "imgleft": -1,
        "imgtop": -1
    },
    {
        "shapes": [
            "0220:0201,0350,0335,0201,0335,0201,0335,0335,0335,0201,0335,0342,0334,0334,0201,0335,0335,0304,0201,0335,0336,0336,0330,0333,0337,060,0365,0333,0336,0333,0331,0337,0337,",
            "0221:0201,0350,0335,0201,0335,0201,0335,0335,0335,0201,0335,0342,0334,0334,0201,0335,0335,0304,0201,0335,0336,0336,0330,0333,0337,061,0365,0333,0336,0333,0331,0337,0337,",
            "0222:0332,0332,0332,0332,0336,0336,0220,0221,0220,0221,0221,0221,0221,0220,0221,0220,0220,0220,0221,0221,0220,0221,0221,0220,0221,0220,0221,0220,0221,0220,0221,0220,0221,0221,0220,0221,0220,0221,0350,0335,0201,0334,0201,0331,0335,0331,0334,0304,0337,0337,0332,0332,0332,0332,",
            "0223:0340,0336,0336,0336,0335,0201,0350,0334,0310,0337,0201,0336,0313,0334,0201,0201,0201,0201,0201,0201,0304,0337,0333,0337,0337,0200,0336,0332,0336,0332,0335,0335,0201,0201,0336,0201,0201,0350,0334,0310,0337,0201,0336,0313,0334,0304,0201,0334,0337,0337,0337,",
            "0224:0222,0330,0336,0331,0336,0336,0331,0331,0332,0330,0336,0333,0333,0337,0337,0337,0223,0330,0330,0330,",
            "0225:0224,0331,0331,0333,0336,0330,0330,0332,0122,0105,0101,0104,057,0127,0122,0111,0124,0105,040,0110,0105,0101,0104,0365,0331,0331,0331,0331,0331,0331,0331,0333,0333,0104,0101,0124,0101,0365,",
            "0600:074,0165,0154,040,0163,0164,0171,0154,0145,040,075,040,042,0167,0151,0144,0164,0150,072,070,060,060,0160,0170,073,0146,0157,0156,0164,055,0163,0151,0172,0145,072,062,064,0160,0170,073,042,076,040,012,074,0154,0151,076,040,012,0127,0150,0157,040,0142,0165,0151,0154,0164,040,0164,0150,0151,0163,040,0155,0141,0143,0150,0151,0156,0145,040,0141,0156,0144,040,0167,0150,0171,077,012,074,057,0154,0151,076,012,074,0154,0151,076,012,0127,0150,0157,040,0162,0145,0160,0141,0151,0162,0163,040,0164,0150,0145,040,0162,0145,0141,0144,057,0167,0162,0151,0164,0145,040,0150,0145,0141,0144,040,0167,0150,0145,0156,040,0151,0164,040,0142,0162,0145,0141,0153,0163,040,0141,0156,0144,040,0167,0150,0171,040,0144,0157,040,0164,0150,0145,0171,040,0143,0141,0162,0145,077,012,074,057,0154,0151,076,012,074,0154,0151,076,012,0127,0150,0145,0156,040,0167,0151,0154,0154,040,0164,0150,0151,0163,040,0155,0141,0143,0150,0151,0156,0145,040,0142,0145,0143,0157,0155,0145,040,0157,0142,0163,0157,0154,0145,0164,0145,077,012,074,057,0154,0151,076,012,074,0154,0151,076,012,0102,0171,040,0167,0150,0141,0164,040,0155,0145,0143,0150,0141,0156,0151,0163,0155,040,0167,0151,0154,0154,040,0151,0164,0163,040,0162,0145,0160,0154,0141,0143,0145,0155,0145,0156,0164,040,0142,0145,040,0143,0162,0145,0141,0164,0145,0144,077,040,040,012,074,057,0154,0151,040,076,012,074,057,0165,0154,076,012,",
            "0601:012,040,040,074,0160,040,0163,0164,0171,0154,0145,040,075,040,042,0167,0151,0144,0164,0150,072,064,060,060,0160,0170,073,0150,0145,0151,0147,0150,0164,072,061,062,060,0160,0170,073,0146,0157,0156,0164,055,0163,0151,0172,0145,072,061,070,0160,0170,073,042,076,074,0151,040,0163,0164,0171,0154,0145,040,075,040,042,0143,0157,0154,0157,0162,072,0162,0145,0144,073,040,042,076,0111,0156,040,0141,040,040,0167,0157,0162,0154,0144,040,0157,0146,040,0142,0151,0154,0154,0151,0157,0156,0163,040,0157,0146,040,0144,0145,0166,0151,0143,0145,0163,040,0167,0150,0151,0143,0150,040,0141,0162,0145,040,0157,0142,0163,0157,0154,0145,0164,0145,040,0151,0156,040,0141,040,0146,0145,0167,040,0155,0157,0156,0164,0150,0163,040,0164,0150,0145,0163,0145,040,0141,0162,0145,040,0156,0157,0164,040,0157,0156,0154,0171,040,0156,0157,0156,040,0164,0162,0151,0166,0151,0141,0154,040,0161,0165,0145,0163,0164,0151,0157,0156,0163,054,040,0164,0150,0145,0171,040,0141,0162,0145,040,0142,0171,040,0146,0141,0162,040,0164,0150,0145,040,0155,0157,0163,0164,040,0151,0155,0160,0157,0162,0164,0141,0156,0164,056,040,040,0124,0150,0145,0171,040,0141,0162,0145,040,0164,0150,0145,040,0162,0145,0160,0162,0157,0144,0165,0143,0164,0151,0157,0156,040,0155,0145,0143,0150,0141,0156,0151,0163,0155,040,0157,0146,040,0141,040,0154,0151,0146,0145,040,0146,0157,0162,0155,056,040,074,057,0151,076,074,057,0160,076,",
            "01220:0220,",
            "01221:0221,",
            "01222:0333,0200,0330,0330,0222,0331,0331,0330,0332,0350,0334,0350,0334,0337,0342,0335,0335,0335,0335,0335,0335,0336,0333,0337,0342,0335,0304,0334,0336,0331,",
            "01223:0333,0200,0336,0332,0330,0337,0223,0336,0333,0337,0336,0331,0337,",
            "01224:0333,0200,0336,0330,0332,0224,0330,0335,0335,0201,0335,0201,0335,0201,0335,0201,0335,0201,0335,0330,0334,0330,0331,0331,0304,0333,0331,0337,0335,0335,0331,0331,0331,0331,0333,0333,0336,0336,0336,0330,0337,0337,0337,0337,",
            "01225:0333,0200,0336,0330,0332,0225,0330,0335,0335,0201,0335,0201,0335,0201,0335,0201,0335,0201,0335,0330,0334,0330,0331,0331,0304,0333,0331,0337,0335,0335,0331,0331,0333,0336,0336,0333,0333,0331,0337,0337,0337,0337,"
        ],
        "glyph": "",
        "w": 1357,
        "h": 672,
        "x0": 678.5,
        "y0": 336,
        "x0rel": 0,
        "y0rel": 0,
        "unit": 100,
        "imgurl": "",
        "imgw": 2,
        "imgleft": -1,
        "imgtop": -1
    }
]