[
    {
        "shapes": [
            "0242:0336,0336,0330,0333,0337,",
            "0243:0365,0333,0336,0333,0331,0337,0337,0200,",
            "0244:01340,01332,01340,01336,01333,01340,01336,01332,01340,01336,01332,01340,01336,01332,01340,01336,01332,01340,01336,01332,01340,01336,01332,01340,01336,01332,01340,",
            "0245:01341,10336,01333,01341,01336,01333,01341,01336,01333,01341,01336,",
            "0250:0332,0332,0332,0332,0332,0331,0331,01330,01331,01332,01333,01334,01335,01336,01337,0330,0332,0332,0332,0332,0332,0332,0332,0332,0242,0101,0243,0242,0123,0243,0242,0104,0243,0242,0106,0243,0242,0107,0243,0242,0110,0243,0242,0112,0243,0242,0113,0243,0330,0330,0332,0332,0332,0332,0332,0332,0332,0336,0330,0330,0102,0141,0163,0151,0143,040,0115,0157,0166,0145,0155,0145,0156,0164,040,0113,0145,0171,0163,072,0365,"
        ],
        "glyph": "0332,0332,0332,0332,0332,0331,0331,01330,01331,01332,01333,01334,01335,01336,01337,0330,0332,0332,0332,0332,0332,0332,0332,0332,0242,0101,0243,0242,0123,0243,0242,0104,0243,0242,0106,0243,0242,0107,0243,0242,0110,0243,0242,0112,0243,0242,0113,0243,0330,0330,0332,0332,0332,0332,0332,0332,0332,0336,0330,0330,0102,0141,0163,0151,0143,040,0115,0157,0166,0145,0155,0145,0156,0164,040,0113,0145,0171,0163,072,0365,",
        "w": 1366,
        "h": 672,
        "x0": 683,
        "y0": 336,
        "x0rel": 0,
        "y0rel": 0,
        "unit": 100,
        "imgurl": "",
        "imgw": 2,
        "imgleft": -1,
        "imgtop": -1
    },
    {
        "shapes": [
            "0242:0336,0336,0330,0333,0337,",
            "0243:0365,0333,0336,0333,0331,0337,0337,0200,",
            "0244:01340,01332,01340,01336,01333,01340,01336,01332,01340,01336,01332,01340,01336,01332,01340,01336,01332,01340,01336,01332,01340,01336,01332,01340,01336,01332,01340,",
            "0245:01341,10336,01333,01341,01336,01333,01341,01336,01333,01341,01336,",
            "0250:0332,0332,0332,0332,0332,0331,0331,01340,01341,01342,01343,0330,0332,0332,0332,0332,0242,0172,0243,0242,0170,0243,0242,0143,0243,0242,0166,0243,0242,0330,0330,0332,0332,0332,0332,0332,0332,0332,0336,0330,0330,0102,0141,0163,0151,0143,040,0104,0162,0141,0167,0151,0156,0147,040,0113,0145,0171,0163,072,0365,"
        ],
        "glyph": "0332,0332,0332,0332,0332,0331,0331,01340,01341,01342,01343,0330,0332,0332,0332,0332,0242,0172,0243,0242,0170,0243,0242,0143,0243,0242,0166,0243,0242,0330,0330,0332,0332,0332,0332,0332,0332,0332,0336,0330,0330,0102,0141,0163,0151,0143,040,0104,0162,0141,0167,0151,0156,0147,040,0113,0145,0171,0163,072,0365,",
        "w": 1366,
        "h": 672,
        "x0": 883,
        "y0": 236,
        "x0rel": 2,
        "y0rel": -1,
        "unit": 100,
        "imgurl": "",
        "imgw": 2,
        "imgleft": -1,
        "imgtop": -1
    },
    {
        "shapes": [
            "0242:0336,0336,0330,0333,0337,",
            "0243:0365,0333,0336,0333,0331,0337,0337,0200,",
            "0244:01340,01332,01340,01336,01333,01340,01336,01332,01340,01336,01332,01340,01336,01332,01340,01336,01332,01340,01336,01332,01340,01336,01332,01340,01336,01332,01340,",
            "0245:01341,10336,01333,01341,01336,01333,01341,01336,01333,01341,01336,",
            "0250:0340,0332,0340,0332,0340,0332,0336,0340,0330,01340,01332,01340,01332,01340,01332,01336,01340,01072,0330,0330,0332,0332,0332,0332,0332,0332,0332,0332,0332,0332,0332,0115,0157,0166,0145,0155,0145,0156,0164,0163,040,0141,0162,0145,040,0157,0156,040,0141,040,0144,0151,0163,0143,0162,0145,0164,0145,040,0147,0162,0151,0144,0336,0365,0331,0331,0331,0331,0331,0331,0331,0331,0333,0333,0333,0333,0333,0331,0333,0331,0333,0333,0333,0333,0333,0333,0333,0333,0333,0333,0142,0165,0164,056,056,056,0365,"
        ],
        "glyph": "0340,0332,0340,0332,0340,0332,0336,0340,0330,01340,01332,01340,01332,01340,01332,01336,01340,01072,0330,0330,0332,0332,0332,0332,0332,0332,0332,0332,0332,0332,0332,0115,0157,0166,0145,0155,0145,0156,0164,0163,040,0141,0162,0145,040,0157,0156,040,0141,040,0144,0151,0163,0143,0162,0145,0164,0145,040,0147,0162,0151,0144,0336,0365,0331,0331,0331,0331,0331,0331,0331,0331,0333,0333,0333,0333,0333,0331,0333,0331,0333,0333,0333,0333,0333,0333,0333,0333,0333,0333,0142,0165,0164,056,056,056,0365,",
        "w": 1366,
        "h": 672,
        "x0": 683,
        "y0": 336,
        "x0rel": 0,
        "y0rel": 0,
        "unit": 100,
        "imgurl": "",
        "imgw": 2,
        "imgleft": -1,
        "imgtop": -1
    },
    {
        "shapes": [
            "0242:0336,0336,0330,0333,0337,",
            "0243:0365,0333,0336,0333,0331,0337,0337,0200,",
            "0244:01340,01332,01340,01336,01333,01340,01336,01332,01340,01336,01332,01340,01336,01332,01340,01336,01332,01340,01336,01332,01340,01336,01332,01340,01336,01332,01340,",
            "0245:01341,10336,01333,01341,01336,01333,01341,01336,01333,01341,01336,",
            "0250:0340,0322,0332,0340,0336,0323,0333,0340,0336,0332,0324,0340,0336,0325,0332,0340,0336,0326,0332,0340,0336,0327,0332,0340,0336,0320,0332,0340,0336,0322,0332,0340,0336,0323,0332,0340,0300,0336,0336,0330,0332,0332,0332,0332,0332,0332,0332,0336,0101,0142,0151,0154,0151,0164,0171,040,0164,0157,040,0150,0141,0154,0166,0145,040,0147,0151,0166,0145,0163,040,0151,0156,0146,0151,0156,0151,0164,0145,040,0160,0162,0145,0143,0151,0163,0151,0157,0156,040,0151,0156,040,0142,0157,0164,0150,040,0144,0151,0155,0145,0156,0163,0151,0157,0156,0163,072,0336,0331,0331,0365,0331,0331,0331,0331,0331,0244,"
        ],
        "glyph": "0340,0322,0332,0340,0336,0323,0333,0340,0336,0332,0324,0340,0336,0325,0332,0340,0336,0326,0332,0340,0336,0327,0332,0340,0336,0320,0332,0340,0336,0322,0332,0340,0336,0323,0332,0340,0300,0336,0336,0330,0332,0332,0332,0332,0332,0332,0332,0336,0101,0142,0151,0154,0151,0164,0171,040,0164,0157,040,0150,0141,0154,0166,0145,040,0147,0151,0166,0145,0163,040,0151,0156,0146,0151,0156,0151,0164,0145,040,0160,0162,0145,0143,0151,0163,0151,0157,0156,040,0151,0156,040,0142,0157,0164,0150,040,0144,0151,0155,0145,0156,0163,0151,0157,0156,0163,072,0336,0331,0331,0365,0331,0331,0331,0331,0331,0244,",
        "w": 1366,
        "h": 672,
        "x0": 926.7030890485644,
        "y0": 336,
        "x0rel": 0.5834058192493153,
        "y0rel": 0,
        "unit": 417.7248169415656,
        "imgurl": "",
        "imgw": 2,
        "imgleft": -1,
        "imgtop": -1
    },
    {
        "shapes": [
            "0242:0336,0336,0330,0333,0337,",
            "0243:0365,0333,0336,0333,0331,0337,0337,0200,",
            "0244:01340,01332,01340,01336,01333,01340,01336,01332,01340,01336,01332,01340,01336,01332,01340,01336,01332,01340,01336,01332,01340,01336,01332,01340,01336,01332,01340,",
            "0245:01341,10336,01333,01341,01336,01333,01341,01336,01333,01341,01336,",
            "0250:0336,0336,0336,0336,0341,0330,0341,0330,0341,0333,0341,0330,0341,0330,0341,0333,0341,0330,0341,0330,0341,0330,0341,0333,0341,0333,0341,0333,0336,0341,0333,0333,0333,0341,0333,0341,0333,0341,0333,0341,0333,0341,0333,0341,0333,0341,0333,0330,0341,0333,0341,0333,0341,0333,0341,0333,0341,0333,0341,0333,0330,0341,0333,0341,0333,0341,0333,0341,0333,0341,0333,0341,0333,0341,0333,0341,0333,0333,0341,0333,0341,0333,0341,0330,0330,0341,0333,0341,0333,0341,0333,0341,0333,0341,0333,0341,0333,0341,0333,0341,0337,0337,0337,0341,0333,0341,0333,0341,0333,0341,0337,0341,0341,0333,0341,0333,0337,0341,0333,0337,0341,0333,0337,0341,0333,0332,0332,0332,0336,0336,0336,0336,0330,0330,0330,0332,0332,0332,0332,0332,0332,0332,0332,0332,0332,0333,0333,0333,0333,0333,0333,0331,01162,01141,01156,01144,01157,01155,01154,01171,01040,01150,01151,01164,01040,01153,01145,01171,01163,01041,"
        ],
        "glyph": "0336,0336,0336,0336,0341,0330,0341,0330,0341,0333,0341,0330,0341,0330,0341,0333,0341,0330,0341,0330,0341,0330,0341,0333,0341,0333,0341,0333,0336,0341,0333,0333,0333,0341,0333,0341,0333,0341,0333,0341,0333,0341,0333,0341,0333,0341,0333,0330,0341,0333,0341,0333,0341,0333,0341,0333,0341,0333,0341,0333,0330,0341,0333,0341,0333,0341,0333,0341,0333,0341,0333,0341,0333,0341,0333,0341,0333,0333,0341,0333,0341,0333,0341,0330,0330,0341,0333,0341,0333,0341,0333,0341,0333,0341,0333,0341,0333,0341,0333,0341,0337,0337,0337,0341,0333,0341,0333,0341,0333,0341,0337,0341,0341,0333,0341,0333,0337,0341,0333,0337,0341,0333,0337,0341,0333,0332,0332,0332,0336,0336,0336,0336,0330,0330,0330,0332,0332,0332,0332,0332,0332,0332,0332,0332,0332,0333,0333,0333,0333,0333,0333,0331,01162,01141,01156,01144,01157,01155,01154,01171,01040,01150,01151,01164,01040,01153,01145,01171,01163,01041,",
        "w": 1366,
        "h": 672,
        "x0": 683,
        "y0": 336,
        "x0rel": 0,
        "y0rel": 0,
        "unit": 100,
        "imgurl": "",
        "imgw": 2,
        "imgleft": -1,
        "imgtop": -1
    },
    {
        "shapes": [
            "0242:0336,0336,0330,0333,0337,",
            "0243:0365,0333,0336,0333,0331,0337,0337,0200,",
            "0244:01340,01332,01340,01336,01333,01340,01336,01332,01340,01336,01332,01340,01336,01332,01340,01336,01332,01340,01336,01332,01340,01336,01332,01340,01336,01332,01340,",
            "0245:01341,10336,01333,01341,01336,01333,01341,01336,01333,01341,01336,",
            "0246:0337,0337,0341,0336,0333,0341,0336,0333,0341,0336,0333,0341,0336,0333,0341,0336,0333,0341,0336,0333,0341,0336,0333,0341,0336,0333,0341,0336,0341,0300,0330,0332,0332,0332,0336,0330,0336,0103,0157,0156,0163,0164,0162,0165,0143,0164,040,0141,040,0146,0162,0141,0143,0164,0141,0154,040,0167,0151,0164,0150,040,0141,040,0146,0145,0167,040,0153,0145,0171,0163,0164,0162,0157,0153,0145,0163,072,0365,0331,0331,0331,0331,0331,0331,0331,0245,",
            "0250:01341,10336,01333,01341,01336,01333,01341,01336,01333,01341,01336,"
        ],
        "glyph": "0337,0337,0341,0336,0333,0341,0336,0333,0341,0336,0333,0341,0336,0333,0341,0336,0333,0341,0336,0333,0341,0336,0333,0341,0336,0333,0341,0336,0341,0300,0330,0332,0332,0332,0336,0330,0336,0103,0157,0156,0163,0164,0162,0165,0143,0164,040,0141,040,0146,0162,0141,0143,0164,0141,0154,040,0167,0151,0164,0150,040,0141,040,0146,0145,0167,040,0153,0145,0171,0163,0164,0162,0157,0153,0145,0163,072,0365,0331,0331,0331,0331,0331,0331,0331,0245,",
        "w": 1366,
        "h": 672,
        "x0": 583,
        "y0": 336,
        "x0rel": -1,
        "y0rel": 0,
        "unit": 100,
        "imgurl": "",
        "imgw": 2,
        "imgleft": -1,
        "imgtop": -1
    },
    {
        "shapes": [
            "0242:0336,0336,0330,0333,0337,",
            "0243:0365,0333,0336,0333,0331,0337,0337,0200,",
            "0244:01340,01332,01340,01336,01333,01340,01336,01332,01340,01336,01332,01340,01336,01332,01340,01336,01332,01340,01336,01332,01340,01336,01332,01340,01336,01332,01340,",
            "0245:01341,10336,01333,01341,01336,01333,01341,01336,01333,01341,01336,",
            "0246:0337,0337,0341,0336,0333,0341,0336,0333,0341,0336,0333,0341,0336,0333,0341,0336,0333,0341,0336,0333,0341,0336,0333,0341,0336,0333,0341,0336,0341,0300,0330,0332,0332,0332,0336,0330,0336,0103,0157,0156,0163,0164,0162,0165,0143,0164,040,0141,040,0146,0162,0141,0143,0164,0141,0154,040,0167,0151,0164,0150,040,0141,040,0146,0145,0167,040,0153,0145,0171,0163,0164,0162,0157,0153,0145,0163,072,0365,0331,0331,0331,0331,0331,0331,0331,0245,",
            "0250:0336,0342,0330,0335,0336,0336,0342,0330,0334,0342,0330,0342,0330,0335,0342,0330,0342,0330,0335,0342,0330,0342,0330,0334,0201,0335,0201,0201,0201,0201,0335,0333,0333,0201,0201,0201,0201,0335,0333,0333,0333,0333,0333,0331,0331,0333,0201,0201,0201,0201,0201,0201,0335,0201,0201,0335,0201,0334,0201,0335,0201,0201,0201,0335,0201,0201,0201,0331,0331,0331,0334,0201,0201,0335,0201,0201,0201,0335,0333,0333,0333,0333,0333,0333,0333,0333,0330,0335,0335,0201,0335,0201,0201,0201,0335,0201,0201,0201,0201,0201,0201,0335,0201,0201,0201,0335,0201,0335,0335,0337,0331,0331,0331,0333,0333,0332,0332,0332,0331,0331,0331,0332,0332,0332,0332,0332,0332,0332,0332,0332,0332,01155,01141,01153,01145,01040,01163,01157,01155,01145,01040,01154,01145,01164,01164,01145,01162,01163,01056,"
        ],
        "glyph": "0336,0342,0330,0335,0336,0336,0342,0330,0334,0342,0330,0342,0330,0335,0342,0330,0342,0330,0335,0342,0330,0342,0330,0334,0201,0335,0201,0201,0201,0201,0335,0333,0333,0201,0201,0201,0201,0335,0333,0333,0333,0333,0333,0331,0331,0333,0201,0201,0201,0201,0201,0201,0335,0201,0201,0335,0201,0334,0201,0335,0201,0201,0201,0335,0201,0201,0201,0331,0331,0331,0334,0201,0201,0335,0201,0201,0201,0335,0333,0333,0333,0333,0333,0333,0333,0333,0330,0335,0335,0201,0335,0201,0201,0201,0335,0201,0201,0201,0201,0201,0201,0335,0201,0201,0201,0335,0201,0335,0335,0337,0331,0331,0331,0333,0333,0332,0332,0332,0331,0331,0331,0332,0332,0332,0332,0332,0332,0332,0332,0332,0332,01155,01141,01153,01145,01040,01163,01157,01155,01145,01040,01154,01145,01164,01164,01145,01162,01163,01056,",
        "w": 1366,
        "h": 672,
        "x0": 683,
        "y0": 336,
        "x0rel": 0,
        "y0rel": 0,
        "unit": 100,
        "imgurl": "",
        "imgw": 2,
        "imgleft": -1,
        "imgtop": -1
    }
]