0200:0330,0333,0331,0332
0201:0200,0336,0200,0336,0200
0270:0333
0271:0332
0272:0330
0273:0331
0274:0300,0200
0275:0300,0337,0200
0276:0300,0337,0337,0200
0277:0300,0337,0337,0337,0200
0220:0360,0330,0336,0336,0336,0336,0333,0337,0337,0337,0337,0331,0336,0336,0336,0336,0333,0337,0337,0337,0337,
0221:0220,0220,0220,0220,0220,0220,0220,0220,
0222:0221,0333,0221,0333,0221,0331,0332,0332,0332,0332,0221,0333,0221,0331,0332,0332,0332,0332,0221,0333,0221,0333,0221,0332,0332,0332,0332,0331,0221,0333,0221,0333,
0223:0360,0336,0332,0336,0336,0336,0330,0337,0337,0337,0337,0333,0336,0336,0336,0336,0330,0337,0337,0337,0332,0337,
0224:0223,0223,0223,0223,0223,0223,0223,0223,
0225:0336,0336,0224,0330,0224,0330,0224,0330,0224,
0260:
0274:0221,
0275:0222,
0276:0224,
0277:0225,