[
    {
        "shapes": [
            "0242:0331,0332,0201,0336,0201,0333,0350,0334,0343,0333,0335,0335,0335,0201,0201,0335,0333,0334,0334,0343,0333,0335,0335,0335,0337,0201,0201,0335,0336,0333,0334,0334,0343,0335,0330,0335,0335,0201,0201,0335,0333,0334,0334,0343,0335,0330,0335,0335,0201,0304,0333,0333,0337,0330,",
            "0243:0242,0336,0336,0330,0332,0332,0332,0336,0330,0332,0336,0336,0310,0337,0313,0337,01105,01126,01105,01122,01131,01124,01110,01111,01116,01107,01040,01111,01123,01040,01106,01122,01101,01103,01124,01101,01114,0337,0337,0337,0331,0332,0332,0336,0336,0336,0332,0332,01105,01126,01105,01122,01131,01124,01110,01111,01116,01107,01040,01111,01123,01040,01122,01105,01103,01125,01122,01123,01111,01126,01105,0337,0337,0337,0332,0332,0331,0332,0336,0336,0333,0333,0336,01105,01126,01105,01122,01131,01124,01110,01111,01116,01107,01040,01111,01123,01040,01120,01110,01131,01123,01111,01103,01101,01114,0337,0337,0337,0330,0332,0336,0331,0337,0337,0336,0310,0337,0313,0336,0330,0336,0336,0330,0336,0330,0332,0336,0333,0333,0336,0332,0337,0337,0337,0337,0337,0337,",
            "0244:0242,0336,0336,0330,0332,0332,0332,0336,0330,0332,0336,0336,0310,0337,0313,0337,0333,0333,0333,0333,0333,0333,01116,01117,01040,01115,01117,01116,01105,01131,0337,0337,0337,0331,0332,0332,0336,0336,0336,0332,0332,0333,0333,0333,0333,0333,0333,0333,0333,0333,0333,0333,01116,01117,01040,01115,01111,01116,01111,01116,01107,0337,0337,0337,0332,0332,0331,0332,0336,0336,0333,0333,0333,0333,0333,0333,0333,0333,0336,01116,01117,01040,01120,01122,01117,01120,01105,01122,01124,01131,0310,0337,0313,0337,0337,0330,0332,0330,0337,0336,0336,0336,0336,0336,0333,0333,0330,0337,0337,0337,0337,0337,",
            "0245:0242,0336,0336,0330,0332,0332,0332,0330,0330,0336,0333,0337,0310,0336,0336,0331,0332,0337,01105,01107,01117,01040,01104,01105,01101,01124,01110,01072,0331,0331,0332,0332,0332,0332,0332,0332,0332,0332,0332,0336,0313,01114,01117,01117,01113,01040,01124,01117,01040,01124,01110,01105,01040,01111,01116,01123,01105,01103,01124,01123,0337,0337,0331,0331,0332,0332,0332,0332,0332,0336,0330,0333,0336,0333,01114,01117,01117,01113,01040,01124,01117,01040,01124,01110,01105,01040,01106,01125,01116,01107,01111,0337,0331,0331,0332,0332,0332,0332,0332,0332,0332,0332,0331,0336,01114,01101,01116,01107,01125,01101,01107,01105,01040,01111,01123,01040,01127,01110,01101,01124,01040,0331,0331,0332,0332,0332,0332,0332,0332,0332,0332,0332,0332,01124,01110,01105,01040,01115,01111,01116,01104,01040,01125,01123,01105,01123,01040,0331,0331,0331,0332,0332,0332,0332,0332,0332,0332,0332,0332,0332,0330,01124,01117,01040,01120,01101,01122,01123,01105,01040,01122,01105,01101,01114,01111,01124,01131,0337,0337,0330,0330,0330,0332,0332,0332,0336,0336,0333,0336,0333,0330,0330,0336,0336,0336,0332,0336,0332,0331,0331,0333,0336,0332,0332,0333,0337,0337,0337,0337,0337,0337,0337,0337,0337,0310,0337,0313,",
            "0246:0332,0332,0332,0243,0333,0333,0333,0244,0333,0333,0333,0245,0330,0330,0332,0332,0332,0332,0332,0336,0330,0331,0331,0114,0101,0127,0123,040,0117,0106,040,0107,0105,0117,0115,0105,0124,0122,0117,0116,0336,0365,"
        ],
        "glyph": "0332,0332,0332,0243,0333,0333,0333,0244,0333,0333,0333,0245,0330,0330,0332,0332,0332,0332,0332,0336,0330,0331,0331,0114,0101,0127,0123,040,0117,0106,040,0107,0105,0117,0115,0105,0124,0122,0117,0116,0336,0365,",
        "w": 1357,
        "h": 672,
        "x0": 678.5,
        "y0": 336,
        "x0rel": 0,
        "y0rel": 0,
        "unit": 133.10000000000005,
        "imgurl": "",
        "imgw": 2,
        "imgleft": -1,
        "imgtop": -1
    }
]