[
    {
        "shapes": [
            "0220:0105,0126,0105,0122,0131,0124,0110,0111,0116,0107,040,0111,0123,040,0122,0105,0103,0125,0122,0123,0111,0126,0105,0365,",
            "0221:0105,0126,0105,0122,0131,0124,0110,0111,0116,0107,040,0111,0123,040,0120,0110,0131,0123,0111,0103,0101,0114,0365,",
            "0222:0105,0126,0105,0122,0131,0124,0110,0111,0116,0107,040,0111,0123,040,0106,0122,0101,0103,0124,0101,0114,0365,",
            "0223:0116,0117,040,0115,0117,0116,0105,0131,0365,",
            "0224:0116,0117,040,0115,0111,0116,0111,0116,0107,0365,",
            "0225:0116,0117,040,0120,0122,0117,0120,0105,0122,0124,0131,0365,",
            "0226:0114,0117,0117,0113,040,0124,0117,040,0124,0110,0105,040,0111,0116,0123,0105,0103,0124,0123,0365,",
            "0227:0114,0117,0117,0113,040,0124,0117,040,0124,0110,0105,040,0106,0125,0116,0107,0111,0365,",
            "0230:0114,0101,0116,0107,0125,0101,0107,0105,040,0111,0123,040,0110,0117,0127,040,0124,0110,0105,040,0115,0111,0116,0104,040,0120,0101,0122,0123,0105,0123,040,0122,0105,0101,0114,0111,0124,0131,0365,",
            "0240:0330,0330,0332,0332,0332,0332,0336,0333,0330,0333,0114,0141,0167,0163,040,0157,0146,040,0107,0145,0157,0155,0145,0164,0162,0157,0156,0365,0331,0331,0331,0332,0332,0332,0332,0336,0220,0331,0331,0221,0331,0331,0222,0337,0337,0333,0333,0333,0333,0330,0336,0336,0333,0223,0331,0331,0224,0331,0331,0225,0333,0333,0333,0333,0330,0333,0333,0330,0333,0333,0330,0330,0333,0227,0331,0331,0226,0331,0331,0230,",
            "0260:0330,0330,0332,0332,0332,0332,0336,0333,0330,0333,0114,0141,0167,0163,040,0157,0146,040,0107,0145,0157,0155,0145,0164,0162,0157,0156,0365,0331,0331,0331,0332,0332,0332,0332,0336,0220,0331,0331,0221,0331,0331,0222,0337,0337,0333,0333,0333,0333,0330,0336,0336,0333,0223,0331,0331,0224,0331,0331,0225,0333,0333,0333,0333,0330,0333,0333,0330,0333,0333,0330,0330,0333,0227,0331,0331,0226,0331,0331,0230,"
        ],
        "glyph": "0330,0330,0332,0332,0332,0332,0336,0333,0330,0333,0114,0141,0167,0163,040,0157,0146,040,0107,0145,0157,0155,0145,0164,0162,0157,0156,0365,0331,0331,0331,0332,0332,0332,0332,0336,0220,0331,0331,0221,0331,0331,0222,0337,0337,0333,0333,0333,0333,0330,0336,0336,0333,0223,0331,0331,0224,0331,0331,0225,0333,0333,0333,0333,0330,0333,0333,0330,0333,0333,0330,0330,0333,0227,0331,0331,0226,0331,0331,0230,",
        "w": 1366,
        "h": 672,
        "x0": 583,
        "y0": 336,
        "x0rel": -1.331,
        "y0rel": 0,
        "unit": 75.13148009015778,
        "imgurl": "",
        "imgw": 2,
        "imgleft": -1,
        "imgtop": -1
    },
    {
        "shapes": [
            "0220:0105,0126,0105,0122,0131,0124,0110,0111,0116,0107,040,0111,0123,040,0122,0105,0103,0125,0122,0123,0111,0126,0105,0365,",
            "0221:0105,0126,0105,0122,0131,0124,0110,0111,0116,0107,040,0111,0123,040,0120,0110,0131,0123,0111,0103,0101,0114,0365,",
            "0222:0105,0126,0105,0122,0131,0124,0110,0111,0116,0107,040,0111,0123,040,0106,0122,0101,0103,0124,0101,0114,0365,",
            "0223:0116,0117,040,0115,0117,0116,0105,0131,0365,",
            "0224:0116,0117,040,0115,0111,0116,0111,0116,0107,0365,",
            "0225:0116,0117,040,0120,0122,0117,0120,0105,0122,0124,0131,0365,",
            "0226:0114,0117,0117,0113,040,0124,0117,040,0124,0110,0105,040,0111,0116,0123,0105,0103,0124,0123,0365,",
            "0227:0114,0117,0117,0113,040,0124,0117,040,0124,0110,0105,040,0106,0125,0116,0107,0111,0365,",
            "0230:0114,0101,0116,0107,0125,0101,0107,0105,040,0111,0123,040,0110,0117,0127,040,0124,0110,0105,040,0115,0111,0116,0104,040,0120,0101,0122,0123,0105,0123,040,0122,0105,0101,0114,0111,0124,0131,0365,",
            "0240:0330,0330,0332,0332,0332,0332,0336,0333,0330,0333,0114,0141,0167,0163,040,0157,0146,040,0107,0145,0157,0155,0145,0164,0162,0157,0156,0365,0331,0331,0331,0332,0332,0332,0332,0336,0220,0331,0331,0221,0331,0331,0222,0337,0337,0333,0333,0333,0333,0330,0336,0336,0333,0223,0331,0331,0224,0331,0331,0225,0333,0333,0333,0333,0330,0333,0333,0330,0333,0333,0330,0330,0333,0227,0331,0331,0226,0331,0331,0230,",
            "0260:0330,0332,0330,0332,0332,0336,0220,0331,0331,0332,0330,0333,0333,0333,0162,0145,0160,0162,0157,0144,0165,0143,0164,0151,0157,0156,040,0157,0146,040,0154,0151,0166,0151,0156,0147,040,0164,0150,0151,0156,0147,0163,0336,0365,0331,0331,0331,0155,0141,0143,0150,0151,0156,0145,040,0162,0145,0160,0154,0151,0143,0141,0164,0151,0157,0156,0365,0331,0331,0331,0147,0145,0157,0155,0145,0164,0162,0157,0156,040,0150,0171,0160,0145,0162,0143,0165,0142,0145,0365,0331,0331,0331,0331,0331,0332,0332,0332,0332,0332,0332,0337,0123,0131,0115,0102,0117,0114,0365,0333,0333,0333,0333,0333,0101,0103,0124,0111,0117,0116,0333,0333,0333,0333,0365,0332,0332,0332,0336,0330,0330,0332,0332,0337,0350,0335,0337,0366,0333,0333,0334,0334,0367,0336,0336,0335,0342,0334,0334,0342,0335,0335,0337,0337,0331,0336,0336,0330,0334,0334,0334,0337,0337,0366,0333,0333,0335,0335,0335,0335,0335,0335,0367,0336,0336,0335,0342,0334,0334,0342,0334,0334,0304,0337,0330,0333,0333,0337,"
        ],
        "glyph": "0330,0332,0330,0332,0332,0336,0220,0331,0331,0332,0330,0333,0333,0333,0162,0145,0160,0162,0157,0144,0165,0143,0164,0151,0157,0156,040,0157,0146,040,0154,0151,0166,0151,0156,0147,040,0164,0150,0151,0156,0147,0163,0336,0365,0331,0331,0331,0155,0141,0143,0150,0151,0156,0145,040,0162,0145,0160,0154,0151,0143,0141,0164,0151,0157,0156,0365,0331,0331,0331,0147,0145,0157,0155,0145,0164,0162,0157,0156,040,0150,0171,0160,0145,0162,0143,0165,0142,0145,0365,0331,0331,0331,0331,0331,0332,0332,0332,0332,0332,0332,0337,0123,0131,0115,0102,0117,0114,0365,0333,0333,0333,0333,0333,0101,0103,0124,0111,0117,0116,0333,0333,0333,0333,0365,0332,0332,0332,0336,0330,0330,0332,0332,0337,0350,0335,0337,0366,0333,0333,0334,0334,0367,0336,0336,0335,0342,0334,0334,0342,0335,0335,0337,0337,0331,0336,0336,0330,0334,0334,0334,0337,0337,0366,0333,0333,0335,0335,0335,0335,0335,0335,0367,0336,0336,0335,0342,0334,0334,0342,0334,0334,0304,0337,0330,0333,0333,0337,",
        "w": 1366,
        "h": 672,
        "x0": 683,
        "y0": 336,
        "x0rel": 0,
        "y0rel": 0,
        "unit": 100,
        "imgurl": "",
        "imgw": 2,
        "imgleft": -1,
        "imgtop": -1
    },
    {
        "shapes": [
            "0220:0105,0126,0105,0122,0131,0124,0110,0111,0116,0107,040,0111,0123,040,0122,0105,0103,0125,0122,0123,0111,0126,0105,0365,",
            "0221:0105,0126,0105,0122,0131,0124,0110,0111,0116,0107,040,0111,0123,040,0120,0110,0131,0123,0111,0103,0101,0114,0365,",
            "0222:0105,0126,0105,0122,0131,0124,0110,0111,0116,0107,040,0111,0123,040,0106,0122,0101,0103,0124,0101,0114,0365,",
            "0223:0116,0117,040,0115,0117,0116,0105,0131,0365,",
            "0224:0116,0117,040,0115,0111,0116,0111,0116,0107,0365,",
            "0225:0116,0117,040,0120,0122,0117,0120,0105,0122,0124,0131,0365,",
            "0226:0114,0117,0117,0113,040,0124,0117,040,0124,0110,0105,040,0111,0116,0123,0105,0103,0124,0123,0365,",
            "0227:0114,0117,0117,0113,040,0124,0117,040,0124,0110,0105,040,0106,0125,0116,0107,0111,0365,",
            "0230:0114,0101,0116,0107,0125,0101,0107,0105,040,0111,0123,040,0110,0117,0127,040,0124,0110,0105,040,0115,0111,0116,0104,040,0120,0101,0122,0123,0105,0123,040,0122,0105,0101,0114,0111,0124,0131,0365,",
            "0240:0330,0330,0332,0332,0332,0332,0336,0333,0330,0333,0114,0141,0167,0163,040,0157,0146,040,0107,0145,0157,0155,0145,0164,0162,0157,0156,0365,0331,0331,0331,0332,0332,0332,0332,0336,0220,0331,0331,0221,0331,0331,0222,0337,0337,0333,0333,0333,0333,0330,0336,0336,0333,0223,0331,0331,0224,0331,0331,0225,0333,0333,0333,0333,0330,0333,0333,0330,0333,0333,0330,0330,0333,0227,0331,0331,0226,0331,0331,0230,",
            "0260:0336,0330,0330,0330,0332,0332,0332,0332,0332,0332,0332,0330,0221,0331,0331,0331,0331,0333,0333,0333,0337,0337,0341,0333,0333,0336,0332,0332,0332,0332,0332,0330,0336,0330,0336,0331,0331,0332,0332,01124,01110,01111,01116,01107,01123,01040,01124,01110,01101,01124,01040,0331,0332,0332,0332,0332,0331,0332,0332,0332,0331,0332,01101,01122,01105,01040,01120,01110,01131,01123,01111,01103,01101,01114,0337,0333,0333,0333,0337,0336,0336,0330,0332,0332,0332,0330,0330,0332,0332,0331,0331,0331,0331,0331,0331,0333,0333,0331,0331,0331,01164,01150,01151,01156,01147,01163,01040,01164,01150,01141,01164,01040,01144,01157,01156,01047,01164,01040,01145,01170,01151,01163,01164,0330,0330,0330,0330,0337,0337,0332,0332,0332,0332,0330,0336,0336,0330,0164,0150,0145,040,0115,0111,0116,0104,040,0151,0163,040,0160,0150,0171,0163,0151,0143,0141,0154,0365,"
        ],
        "glyph": "0336,0330,0330,0330,0332,0332,0332,0332,0332,0332,0332,0330,0221,0331,0331,0331,0331,0333,0333,0333,0337,0337,0341,0333,0333,0336,0332,0332,0332,0332,0332,0330,0336,0330,0336,0331,0331,0332,0332,01124,01110,01111,01116,01107,01123,01040,01124,01110,01101,01124,01040,0331,0332,0332,0332,0332,0331,0332,0332,0332,0331,0332,01101,01122,01105,01040,01120,01110,01131,01123,01111,01103,01101,01114,0337,0333,0333,0333,0337,0336,0336,0330,0332,0332,0332,0330,0330,0332,0332,0331,0331,0331,0331,0331,0331,0333,0333,0331,0331,0331,01164,01150,01151,01156,01147,01163,01040,01164,01150,01141,01164,01040,01144,01157,01156,01047,01164,01040,01145,01170,01151,01163,01164,0330,0330,0330,0330,0337,0337,0332,0332,0332,0332,0330,0336,0336,0330,0164,0150,0145,040,0115,0111,0116,0104,040,0151,0163,040,0160,0150,0171,0163,0151,0143,0141,0154,0365,",
        "w": 1366,
        "h": 672,
        "x0": 683,
        "y0": 336,
        "x0rel": 0,
        "y0rel": 0,
        "unit": 100,
        "imgurl": "",
        "imgw": 2,
        "imgleft": -1,
        "imgtop": -1
    },
    {
        "shapes": [
            "0220:0105,0126,0105,0122,0131,0124,0110,0111,0116,0107,040,0111,0123,040,0122,0105,0103,0125,0122,0123,0111,0126,0105,0365,",
            "0221:0105,0126,0105,0122,0131,0124,0110,0111,0116,0107,040,0111,0123,040,0120,0110,0131,0123,0111,0103,0101,0114,0365,",
            "0222:0105,0126,0105,0122,0131,0124,0110,0111,0116,0107,040,0111,0123,040,0106,0122,0101,0103,0124,0101,0114,0365,",
            "0223:0116,0117,040,0115,0117,0116,0105,0131,0365,",
            "0224:0116,0117,040,0115,0111,0116,0111,0116,0107,0365,",
            "0225:0116,0117,040,0120,0122,0117,0120,0105,0122,0124,0131,0365,",
            "0226:0114,0117,0117,0113,040,0124,0117,040,0124,0110,0105,040,0111,0116,0123,0105,0103,0124,0123,0365,",
            "0227:0114,0117,0117,0113,040,0124,0117,040,0124,0110,0105,040,0106,0125,0116,0107,0111,0365,",
            "0230:0114,0101,0116,0107,0125,0101,0107,0105,040,0111,0123,040,0110,0117,0127,040,0124,0110,0105,040,0115,0111,0116,0104,040,0120,0101,0122,0123,0105,0123,040,0122,0105,0101,0114,0111,0124,0131,0365,",
            "0240:0330,0330,0332,0332,0332,0332,0336,0333,0330,0333,0114,0141,0167,0163,040,0157,0146,040,0107,0145,0157,0155,0145,0164,0162,0157,0156,0365,0331,0331,0331,0332,0332,0332,0332,0336,0220,0331,0331,0221,0331,0331,0222,0337,0337,0333,0333,0333,0333,0330,0336,0336,0333,0223,0331,0331,0224,0331,0331,0225,0333,0333,0333,0333,0330,0333,0333,0330,0333,0333,0330,0330,0333,0227,0331,0331,0226,0331,0331,0230,",
            "0260:0336,0330,0330,0332,0332,0332,0332,0332,0330,0330,0332,0332,0332,0332,0222,0331,0331,0333,0333,0333,0333,0333,0330,0336,056,056,056,0142,0165,0164,040,0157,0156,0154,0171,040,0165,0160,040,0164,0157,040,0141,040,0160,0157,0151,0156,0164,0365,0331,0331,0331,0333,0332,0332,0332,0332,0332,0332,050,0115,0141,0156,0144,0154,0142,0162,0157,0164,047,0163,040,0147,0145,0157,0155,0145,0164,0162,0171,040,0151,0163,040,0155,0171,0163,0164,0151,0143,0141,0154,040,0156,0157,0156,0163,0145,0156,0163,0145,051,0365,0337,0331,0331,0331,0337,0331,0333,0333,0333,0330,0331,0337,0200,0336,0200,0336,0200,0336,0200,0336,0200,0336,0200,0336,0200,0337,0337,0337,0337,0337,0350,0335,0336,0336,0336,0330,0337,0337,0337,0342,0336,0336,0336,0334,0342,0335,0335,0342,0334,0337,0337,0337,0330,0334,0336,0336,0304,0336,0330,0142,0145,0154,0157,0167,040,0141,040,0143,0157,0165,0160,0154,0145,040,0160,0151,0170,0145,0154,0163,040,0164,0150,0151,0163,040,0155,0145,0141,0156,0163,040,0156,0157,0164,0150,0151,0156,0147,0365,"
        ],
        "glyph": "0336,0330,0330,0332,0332,0332,0332,0332,0330,0330,0332,0332,0332,0332,0222,0331,0331,0333,0333,0333,0333,0333,0330,0336,056,056,056,0142,0165,0164,040,0157,0156,0154,0171,040,0165,0160,040,0164,0157,040,0141,040,0160,0157,0151,0156,0164,0365,0331,0331,0331,0333,0332,0332,0332,0332,0332,0332,050,0115,0141,0156,0144,0154,0142,0162,0157,0164,047,0163,040,0147,0145,0157,0155,0145,0164,0162,0171,040,0151,0163,040,0155,0171,0163,0164,0151,0143,0141,0154,040,0156,0157,0156,0163,0145,0156,0163,0145,051,0365,0337,0331,0331,0331,0337,0331,0333,0333,0333,0330,0331,0337,0200,0336,0200,0336,0200,0336,0200,0336,0200,0336,0200,0336,0200,0337,0337,0337,0337,0337,0350,0335,0336,0336,0336,0330,0337,0337,0337,0342,0336,0336,0336,0334,0342,0335,0335,0342,0334,0337,0337,0337,0330,0334,0336,0336,0304,0336,0330,0142,0145,0154,0157,0167,040,0141,040,0143,0157,0165,0160,0154,0145,040,0160,0151,0170,0145,0154,0163,040,0164,0150,0151,0163,040,0155,0145,0141,0156,0163,040,0156,0157,0164,0150,0151,0156,0147,0365,",
        "w": 1366,
        "h": 672,
        "x0": 683,
        "y0": 336,
        "x0rel": 0,
        "y0rel": 0,
        "unit": 100,
        "imgurl": "",
        "imgw": 2,
        "imgleft": -1,
        "imgtop": -1
    },
    {
        "shapes": [
            "0220:0105,0126,0105,0122,0131,0124,0110,0111,0116,0107,040,0111,0123,040,0122,0105,0103,0125,0122,0123,0111,0126,0105,0365,",
            "0221:0105,0126,0105,0122,0131,0124,0110,0111,0116,0107,040,0111,0123,040,0120,0110,0131,0123,0111,0103,0101,0114,0365,",
            "0222:0105,0126,0105,0122,0131,0124,0110,0111,0116,0107,040,0111,0123,040,0106,0122,0101,0103,0124,0101,0114,0365,",
            "0223:0116,0117,040,0115,0117,0116,0105,0131,0365,",
            "0224:0116,0117,040,0115,0111,0116,0111,0116,0107,0365,",
            "0225:0116,0117,040,0120,0122,0117,0120,0105,0122,0124,0131,0365,",
            "0226:0114,0117,0117,0113,040,0124,0117,040,0124,0110,0105,040,0111,0116,0123,0105,0103,0124,0123,0365,",
            "0227:0114,0117,0117,0113,040,0124,0117,040,0124,0110,0105,040,0106,0125,0116,0107,0111,0365,",
            "0230:0114,0101,0116,0107,0125,0101,0107,0105,040,0111,0123,040,0110,0117,0127,040,0124,0110,0105,040,0115,0111,0116,0104,040,0120,0101,0122,0123,0105,0123,040,0122,0105,0101,0114,0111,0124,0131,0365,",
            "0240:0330,0330,0332,0332,0332,0332,0336,0333,0330,0333,0114,0141,0167,0163,040,0157,0146,040,0107,0145,0157,0155,0145,0164,0162,0157,0156,0365,0331,0331,0331,0332,0332,0332,0332,0336,0220,0331,0331,0221,0331,0331,0222,0337,0337,0333,0333,0333,0333,0330,0336,0336,0333,0223,0331,0331,0224,0331,0331,0225,0333,0333,0333,0333,0330,0333,0333,0330,0333,0333,0330,0330,0333,0227,0331,0331,0226,0331,0331,0230,",
            "0260:0336,0330,0330,0330,0330,0332,0332,0332,0332,0223,0331,0331,0331,0332,0332,0304,0341,0333,0333,0333,0333,0333,0333,0333,0333,0333,0333,0333,0341,0350,0334,0330,0337,0337,0366,0336,0336,0331,0334,0330,0330,0330,0330,0330,0330,0330,0330,0330,0330,0330,0335,0335,0335,0330,0337,0337,0367,0336,0336,0336,0335,0342,0334,0334,0342,0335,0337,0331,0335,0335,0330,0337,0337,0366,0336,0336,0331,0334,0330,0330,0330,0330,0330,0330,0330,0330,0330,0330,0330,0335,0335,0335,0330,0337,0337,0367,0336,0336,0336,0335,0342,0334,0334,0342,0335,0337,0331,0335,0335,0335,0304,0332,0332,0332,0332,0332,0332,0336,0330,0332,0332,0166,0141,0154,0165,0145,040,0146,0154,0157,0167,0365,0331,0331,0145,0161,0165,0151,0154,0151,0142,0162,0151,0165,0155,0365,0337,0337,0331,0331,0332,0332,0336,0330,0336,0164,0157,040,0151,0155,0160,0157,0163,0145,040,0156,0165,0155,0142,0145,0162,040,0151,0163,040,0164,0157,040,0143,0157,0156,0156,0145,0143,0164,040,0164,0157,040,0143,0145,0156,0164,0162,0141,0154,040,0141,0165,0164,0150,0157,0162,0151,0164,0171,0332,0332,0332,0332,040,0365,0331,0331,0167,0150,0151,0143,0150,040,0141,0154,0167,0141,0171,0163,040,0141,0144,0144,0163,040,0144,0151,0163,0163,0151,0160,0141,0164,0151,0157,0156,054,040,0142,0162,0145,0141,0153,0151,0156,0147,040,0145,0161,0165,0151,0154,0151,0142,0162,0151,0165,0155,0365,"
        ],
        "glyph": "0336,0330,0330,0330,0330,0332,0332,0332,0332,0223,0331,0331,0331,0332,0332,0304,0341,0333,0333,0333,0333,0333,0333,0333,0333,0333,0333,0333,0341,0350,0334,0330,0337,0337,0366,0336,0336,0331,0334,0330,0330,0330,0330,0330,0330,0330,0330,0330,0330,0330,0335,0335,0335,0330,0337,0337,0367,0336,0336,0336,0335,0342,0334,0334,0342,0335,0337,0331,0335,0335,0330,0337,0337,0366,0336,0336,0331,0334,0330,0330,0330,0330,0330,0330,0330,0330,0330,0330,0330,0335,0335,0335,0330,0337,0337,0367,0336,0336,0336,0335,0342,0334,0334,0342,0335,0337,0331,0335,0335,0335,0304,0332,0332,0332,0332,0332,0332,0336,0330,0332,0332,0166,0141,0154,0165,0145,040,0146,0154,0157,0167,0365,0331,0331,0145,0161,0165,0151,0154,0151,0142,0162,0151,0165,0155,0365,0337,0337,0331,0331,0332,0332,0336,0330,0336,0164,0157,040,0151,0155,0160,0157,0163,0145,040,0156,0165,0155,0142,0145,0162,040,0151,0163,040,0164,0157,040,0143,0157,0156,0156,0145,0143,0164,040,0164,0157,040,0143,0145,0156,0164,0162,0141,0154,040,0141,0165,0164,0150,0157,0162,0151,0164,0171,0332,0332,0332,0332,040,0365,0331,0331,0167,0150,0151,0143,0150,040,0141,0154,0167,0141,0171,0163,040,0141,0144,0144,0163,040,0144,0151,0163,0163,0151,0160,0141,0164,0151,0157,0156,054,040,0142,0162,0145,0141,0153,0151,0156,0147,040,0145,0161,0165,0151,0154,0151,0142,0162,0151,0165,0155,0365,",
        "w": 1366,
        "h": 672,
        "x0": 683,
        "y0": 336,
        "x0rel": 0,
        "y0rel": 0,
        "unit": 100,
        "imgurl": "",
        "imgw": 2,
        "imgleft": -1,
        "imgtop": -1
    },
    {
        "shapes": [
            "0220:0105,0126,0105,0122,0131,0124,0110,0111,0116,0107,040,0111,0123,040,0122,0105,0103,0125,0122,0123,0111,0126,0105,0365,",
            "0221:0105,0126,0105,0122,0131,0124,0110,0111,0116,0107,040,0111,0123,040,0120,0110,0131,0123,0111,0103,0101,0114,0365,",
            "0222:0105,0126,0105,0122,0131,0124,0110,0111,0116,0107,040,0111,0123,040,0106,0122,0101,0103,0124,0101,0114,0365,",
            "0223:0116,0117,040,0115,0117,0116,0105,0131,0365,",
            "0224:0116,0117,040,0115,0111,0116,0111,0116,0107,0365,",
            "0225:0116,0117,040,0120,0122,0117,0120,0105,0122,0124,0131,0365,",
            "0226:0114,0117,0117,0113,040,0124,0117,040,0124,0110,0105,040,0111,0116,0123,0105,0103,0124,0123,0365,",
            "0227:0114,0117,0117,0113,040,0124,0117,040,0124,0110,0105,040,0106,0125,0116,0107,0111,0365,",
            "0230:0114,0101,0116,0107,0125,0101,0107,0105,040,0111,0123,040,0110,0117,0127,040,0124,0110,0105,040,0115,0111,0116,0104,040,0120,0101,0122,0123,0105,0123,040,0122,0105,0101,0114,0111,0124,0131,0365,",
            "0240:0330,0330,0332,0332,0332,0332,0336,0333,0330,0333,0114,0141,0167,0163,040,0157,0146,040,0107,0145,0157,0155,0145,0164,0162,0157,0156,0365,0331,0331,0331,0332,0332,0332,0332,0336,0220,0331,0331,0221,0331,0331,0222,0337,0337,0333,0333,0333,0333,0330,0336,0336,0333,0223,0331,0331,0224,0331,0331,0225,0333,0333,0333,0333,0330,0333,0333,0330,0333,0333,0330,0330,0333,0227,0331,0331,0226,0331,0331,0230,",
            "0260:0330,0330,0332,0332,0332,0336,0224,0331,0331,0333,0333,0333,0336,0115,0111,0116,0111,0116,0107,040,0103,0101,0116,0116,0117,0124,040,0102,0105,040,0111,0116,040,0105,0121,0125,0111,0114,0111,0102,0122,0111,0125,0115,0332,0332,0332,0332,0331,0365,0331,0331,0331,0101,0114,0127,0101,0131,0123,040,0104,0105,0123,0124,0122,0125,0103,0124,0111,0126,0105,0365,0331,0331,0331,0101,0114,0127,0101,0131,0123,040,0105,0130,0120,0114,0117,0111,0124,0101,0124,0111,0126,0105,0365,0331,0331,0331,0101,0146,0164,0145,0162,040,063,060,060,060,040,0171,0145,0141,0162,0163,040,0157,0146,040,0143,0141,0160,0151,0164,0141,0154,0151,0163,0155,040,0167,0145,040,0150,0141,0166,0145,040,0145,0156,0157,0165,0147,0150,040,0155,0151,0156,0145,0162,0141,0154,0163,041,0365,"
        ],
        "glyph": "0330,0330,0332,0332,0332,0336,0224,0331,0331,0333,0333,0333,0336,0115,0111,0116,0111,0116,0107,040,0103,0101,0116,0116,0117,0124,040,0102,0105,040,0111,0116,040,0105,0121,0125,0111,0114,0111,0102,0122,0111,0125,0115,0332,0332,0332,0332,0331,0365,0331,0331,0331,0101,0114,0127,0101,0131,0123,040,0104,0105,0123,0124,0122,0125,0103,0124,0111,0126,0105,0365,0331,0331,0331,0101,0114,0127,0101,0131,0123,040,0105,0130,0120,0114,0117,0111,0124,0101,0124,0111,0126,0105,0365,0331,0331,0331,0101,0146,0164,0145,0162,040,063,060,060,060,040,0171,0145,0141,0162,0163,040,0157,0146,040,0143,0141,0160,0151,0164,0141,0154,0151,0163,0155,040,0167,0145,040,0150,0141,0166,0145,040,0145,0156,0157,0165,0147,0150,040,0155,0151,0156,0145,0162,0141,0154,0163,041,0365,",
        "w": 1366,
        "h": 672,
        "x0": 633,
        "y0": 336,
        "x0rel": -0.5,
        "y0rel": 0,
        "unit": 100,
        "imgurl": "",
        "imgw": 2,
        "imgleft": -1,
        "imgtop": -1
    },
    {
        "shapes": [
            "0220:0105,0126,0105,0122,0131,0124,0110,0111,0116,0107,040,0111,0123,040,0122,0105,0103,0125,0122,0123,0111,0126,0105,0365,",
            "0221:0105,0126,0105,0122,0131,0124,0110,0111,0116,0107,040,0111,0123,040,0120,0110,0131,0123,0111,0103,0101,0114,0365,",
            "0222:0105,0126,0105,0122,0131,0124,0110,0111,0116,0107,040,0111,0123,040,0106,0122,0101,0103,0124,0101,0114,0365,",
            "0223:0116,0117,040,0115,0117,0116,0105,0131,0365,",
            "0224:0116,0117,040,0115,0111,0116,0111,0116,0107,0365,",
            "0225:0116,0117,040,0120,0122,0117,0120,0105,0122,0124,0131,0365,",
            "0226:0114,0117,0117,0113,040,0124,0117,040,0124,0110,0105,040,0111,0116,0123,0105,0103,0124,0123,0365,",
            "0227:0114,0117,0117,0113,040,0124,0117,040,0124,0110,0105,040,0106,0125,0116,0107,0111,0365,",
            "0230:0114,0101,0116,0107,0125,0101,0107,0105,040,0111,0123,040,0110,0117,0127,040,0124,0110,0105,040,0115,0111,0116,0104,040,0120,0101,0122,0123,0105,0123,040,0122,0105,0101,0114,0111,0124,0131,0365,",
            "0240:0330,0330,0332,0332,0332,0332,0336,0333,0330,0333,0114,0141,0167,0163,040,0157,0146,040,0107,0145,0157,0155,0145,0164,0162,0157,0156,0365,0331,0331,0331,0332,0332,0332,0332,0336,0220,0331,0331,0221,0331,0331,0222,0337,0337,0333,0333,0333,0333,0330,0336,0336,0333,0223,0331,0331,0224,0331,0331,0225,0333,0333,0333,0333,0330,0333,0333,0330,0333,0333,0330,0330,0333,0227,0331,0331,0226,0331,0331,0230,",
            "0260:0330,0330,0332,0332,0332,0336,0225,0331,0333,0331,0333,0336,0115,0141,0164,0145,0162,0151,0141,0154,040,0141,0142,0165,0156,0144,0141,0156,0143,0145,040,0145,0170,0143,0145,0145,0144,0163,040,0150,0165,0155,0141,0156,040,0143,0157,0147,0156,0151,0164,0151,0157,0156,0365,0331,0331,0111,0156,0146,0157,0162,0155,0141,0164,0151,0157,0156,0141,0154,040,0141,0142,0165,0156,0144,0141,0156,0143,0145,040,0145,0170,0143,0145,0145,0144,0163,040,0150,0165,0155,0141,0156,040,0143,0157,0147,0156,0151,0164,0151,0157,0156,0365,0331,0331,0120,0162,0157,0160,0145,0162,0164,0171,040,0141,0154,0154,040,0142,0141,0163,0145,0144,040,0157,0156,040,0166,0151,0157,0154,0145,0156,0143,0145,040,0141,0156,0144,040,0145,0170,0160,0154,0157,0151,0164,0141,0164,0151,0157,0156,0365,0331,0331,0127,0150,0145,0156,040,0155,0157,0163,0164,040,0156,0145,0167,040,0167,0157,0162,0153,040,0151,0163,040,0142,0141,0163,0145,0144,040,0157,0156,040,0157,0154,0144,040,0167,0157,0162,0153,054,040,0111,0120,040,0155,0141,0153,0145,0163,040,0162,0145,0141,0154,040,0163,0143,0151,0145,0156,0143,0145,040,0151,0155,0160,0157,0163,0163,0151,0142,0154,0145,0336,0365,0331,0337,0331,0331,0332,0141,0156,0171,0164,0150,0151,0156,0147,040,0167,0157,0162,0164,0150,040,0144,0157,0151,0156,0147,040,0155,0165,0163,0164,040,0142,0145,040,0151,0156,040,0160,0165,0142,0154,0151,0143,040,0144,0157,0155,0141,0151,0156,040,0157,0162,040,0151,0164,047,0163,040,0105,0126,0111,0114,0365,"
        ],
        "glyph": "0330,0330,0332,0332,0332,0336,0225,0331,0333,0331,0333,0336,0115,0141,0164,0145,0162,0151,0141,0154,040,0141,0142,0165,0156,0144,0141,0156,0143,0145,040,0145,0170,0143,0145,0145,0144,0163,040,0150,0165,0155,0141,0156,040,0143,0157,0147,0156,0151,0164,0151,0157,0156,0365,0331,0331,0111,0156,0146,0157,0162,0155,0141,0164,0151,0157,0156,0141,0154,040,0141,0142,0165,0156,0144,0141,0156,0143,0145,040,0145,0170,0143,0145,0145,0144,0163,040,0150,0165,0155,0141,0156,040,0143,0157,0147,0156,0151,0164,0151,0157,0156,0365,0331,0331,0120,0162,0157,0160,0145,0162,0164,0171,040,0141,0154,0154,040,0142,0141,0163,0145,0144,040,0157,0156,040,0166,0151,0157,0154,0145,0156,0143,0145,040,0141,0156,0144,040,0145,0170,0160,0154,0157,0151,0164,0141,0164,0151,0157,0156,0365,0331,0331,0127,0150,0145,0156,040,0155,0157,0163,0164,040,0156,0145,0167,040,0167,0157,0162,0153,040,0151,0163,040,0142,0141,0163,0145,0144,040,0157,0156,040,0157,0154,0144,040,0167,0157,0162,0153,054,040,0111,0120,040,0155,0141,0153,0145,0163,040,0162,0145,0141,0154,040,0163,0143,0151,0145,0156,0143,0145,040,0151,0155,0160,0157,0163,0163,0151,0142,0154,0145,0336,0365,0331,0337,0331,0331,0332,0141,0156,0171,0164,0150,0151,0156,0147,040,0167,0157,0162,0164,0150,040,0144,0157,0151,0156,0147,040,0155,0165,0163,0164,040,0142,0145,040,0151,0156,040,0160,0165,0142,0154,0151,0143,040,0144,0157,0155,0141,0151,0156,040,0157,0162,040,0151,0164,047,0163,040,0105,0126,0111,0114,0365,",
        "w": 1366,
        "h": 672,
        "x0": 583,
        "y0": 336,
        "x0rel": -1,
        "y0rel": 0,
        "unit": 100,
        "imgurl": "",
        "imgw": 2,
        "imgleft": -1,
        "imgtop": -1
    },
    {
        "shapes": [
            "0220:0105,0126,0105,0122,0131,0124,0110,0111,0116,0107,040,0111,0123,040,0122,0105,0103,0125,0122,0123,0111,0126,0105,0365,",
            "0221:0105,0126,0105,0122,0131,0124,0110,0111,0116,0107,040,0111,0123,040,0120,0110,0131,0123,0111,0103,0101,0114,0365,",
            "0222:0105,0126,0105,0122,0131,0124,0110,0111,0116,0107,040,0111,0123,040,0106,0122,0101,0103,0124,0101,0114,0365,",
            "0223:0116,0117,040,0115,0117,0116,0105,0131,0365,",
            "0224:0116,0117,040,0115,0111,0116,0111,0116,0107,0365,",
            "0225:0116,0117,040,0120,0122,0117,0120,0105,0122,0124,0131,0365,",
            "0226:0114,0117,0117,0113,040,0124,0117,040,0124,0110,0105,040,0111,0116,0123,0105,0103,0124,0123,0365,",
            "0227:0114,0117,0117,0113,040,0124,0117,040,0124,0110,0105,040,0106,0125,0116,0107,0111,0365,",
            "0230:0114,0101,0116,0107,0125,0101,0107,0105,040,0111,0123,040,0110,0117,0127,040,0124,0110,0105,040,0115,0111,0116,0104,040,0120,0101,0122,0123,0105,0123,040,0122,0105,0101,0114,0111,0124,0131,0365,",
            "0240:0330,0330,0332,0332,0332,0332,0336,0333,0330,0333,0114,0141,0167,0163,040,0157,0146,040,0107,0145,0157,0155,0145,0164,0162,0157,0156,0365,0331,0331,0331,0332,0332,0332,0332,0336,0220,0331,0331,0221,0331,0331,0222,0337,0337,0333,0333,0333,0333,0330,0336,0336,0333,0223,0331,0331,0224,0331,0331,0225,0333,0333,0333,0333,0330,0333,0333,0330,0333,0333,0330,0330,0333,0227,0331,0331,0226,0331,0331,0230,",
            "0260:0330,0330,0332,0332,0332,0105,0107,0117,040,0104,0105,0101,0124,0110,0336,0365,0336,0333,0333,0331,0333,0333,0331,0333,0333,0337,0331,0336,0330,0330,0332,0332,0332,0332,0332,0332,0332,0332,0332,0331,0332,0332,0332,0332,0331,0332,0331,0333,0226,0331,0331,0227,0331,0331,0230,0337,0333,0333,0330,0333,0333,0333,0333,0333,0330,0330,0330,0336,0332,0331,0332,0332,0330,0336,0331,0337,0105,0170,0151,0163,0164,0151,0156,0147,040,0143,0157,0156,0143,0145,0160,0164,040,0157,0146,040,042,0163,0145,0154,0146,042,040,075,040,0146,0141,0151,0154,0145,0144,040,0155,0157,0144,0145,0154,0365,"
        ],
        "glyph": "0330,0330,0332,0332,0332,0105,0107,0117,040,0104,0105,0101,0124,0110,0336,0365,0336,0333,0333,0331,0333,0333,0331,0333,0333,0337,0331,0336,0330,0330,0332,0332,0332,0332,0332,0332,0332,0332,0332,0331,0332,0332,0332,0332,0331,0332,0331,0333,0226,0331,0331,0227,0331,0331,0230,0337,0333,0333,0330,0333,0333,0333,0333,0333,0330,0330,0330,0336,0332,0331,0332,0332,0330,0336,0331,0337,0105,0170,0151,0163,0164,0151,0156,0147,040,0143,0157,0156,0143,0145,0160,0164,040,0157,0146,040,042,0163,0145,0154,0146,042,040,075,040,0146,0141,0151,0154,0145,0144,040,0155,0157,0144,0145,0154,0365,",
        "w": 1366,
        "h": 672,
        "x0": 783,
        "y0": 436,
        "x0rel": 0.7513148009015774,
        "y0rel": 0.7513148009015774,
        "unit": 133.10000000000005,
        "imgurl": "",
        "imgw": 2,
        "imgleft": -1,
        "imgtop": -1
    },
    {
        "shapes": [
            "0220:0105,0126,0105,0122,0131,0124,0110,0111,0116,0107,040,0111,0123,040,0122,0105,0103,0125,0122,0123,0111,0126,0105,0365,",
            "0221:0105,0126,0105,0122,0131,0124,0110,0111,0116,0107,040,0111,0123,040,0120,0110,0131,0123,0111,0103,0101,0114,0365,",
            "0222:0105,0126,0105,0122,0131,0124,0110,0111,0116,0107,040,0111,0123,040,0106,0122,0101,0103,0124,0101,0114,0365,",
            "0223:0116,0117,040,0115,0117,0116,0105,0131,0365,",
            "0224:0116,0117,040,0115,0111,0116,0111,0116,0107,0365,",
            "0225:0116,0117,040,0120,0122,0117,0120,0105,0122,0124,0131,0365,",
            "0226:0114,0117,0117,0113,040,0124,0117,040,0124,0110,0105,040,0111,0116,0123,0105,0103,0124,0123,0365,",
            "0227:0114,0117,0117,0113,040,0124,0117,040,0124,0110,0105,040,0106,0125,0116,0107,0111,0365,",
            "0230:0114,0101,0116,0107,0125,0101,0107,0105,040,0111,0123,040,0110,0117,0127,040,0124,0110,0105,040,0115,0111,0116,0104,040,0120,0101,0122,0123,0105,0123,040,0122,0105,0101,0114,0111,0124,0131,0365,",
            "0240:0330,0330,0332,0332,0332,0332,0336,0333,0330,0333,0114,0141,0167,0163,040,0157,0146,040,0107,0145,0157,0155,0145,0164,0162,0157,0156,0365,0331,0331,0331,0332,0332,0332,0332,0336,0220,0331,0331,0221,0331,0331,0222,0337,0337,0333,0333,0333,0333,0330,0336,0336,0333,0223,0331,0331,0224,0331,0331,0225,0333,0333,0333,0333,0330,0333,0333,0330,0333,0333,0330,0330,0333,0227,0331,0331,0226,0331,0331,0230,",
            "0260:0330,0330,0332,0332,0332,0336,0226,0331,0331,0332,0332,0331,0333,0333,0330,0333,0336,0330,0330,0111,0116,0123,0105,0103,0124,0123,040,0102,0125,0111,0114,0104,040,0103,0111,0124,0111,0105,0123,0365,0331,0331,0111,0116,0123,0105,0103,0124,0123,040,0115,0101,0113,0105,040,0115,0125,0123,0111,0103,0365,0331,0331,0111,0116,0123,0105,0103,0124,0123,040,0110,0101,0126,0105,040,0101,0107,0122,0111,0103,0125,0114,0124,0125,0122,0105,0365,0331,0331,0111,0116,0123,0105,0103,0124,0123,040,0110,0101,0126,0105,040,0103,0117,0115,0120,0114,0105,0130,040,0123,0117,0103,0111,0101,0114,040,0123,0124,0122,0125,0103,0124,0125,0122,0105,0365,0331,0331,0111,0116,0123,0105,0103,0124,0123,040,0101,0122,0105,040,0124,0110,0105,040,0104,0117,0115,0111,0116,0101,0116,0124,040,0101,0116,0111,0115,0101,0114,0123,040,0117,0116,040,0105,0101,0122,0124,0110,0365,0331,0331,0331,0332,0332,0332,0332,0332,0332,0101,0116,0104,040,0131,0105,0124,040,0116,0117,040,040,0103,0117,0116,0103,0105,0120,0124,040,0117,0106,040,042,0123,0105,0114,0106,040,0101,0127,0101,0122,0105,0116,0105,0123,0123,042,041,041,0365,"
        ],
        "glyph": "0330,0330,0332,0332,0332,0336,0226,0331,0331,0332,0332,0331,0333,0333,0330,0333,0336,0330,0330,0111,0116,0123,0105,0103,0124,0123,040,0102,0125,0111,0114,0104,040,0103,0111,0124,0111,0105,0123,0365,0331,0331,0111,0116,0123,0105,0103,0124,0123,040,0115,0101,0113,0105,040,0115,0125,0123,0111,0103,0365,0331,0331,0111,0116,0123,0105,0103,0124,0123,040,0110,0101,0126,0105,040,0101,0107,0122,0111,0103,0125,0114,0124,0125,0122,0105,0365,0331,0331,0111,0116,0123,0105,0103,0124,0123,040,0110,0101,0126,0105,040,0103,0117,0115,0120,0114,0105,0130,040,0123,0117,0103,0111,0101,0114,040,0123,0124,0122,0125,0103,0124,0125,0122,0105,0365,0331,0331,0111,0116,0123,0105,0103,0124,0123,040,0101,0122,0105,040,0124,0110,0105,040,0104,0117,0115,0111,0116,0101,0116,0124,040,0101,0116,0111,0115,0101,0114,0123,040,0117,0116,040,0105,0101,0122,0124,0110,0365,0331,0331,0331,0332,0332,0332,0332,0332,0332,0101,0116,0104,040,0131,0105,0124,040,0116,0117,040,040,0103,0117,0116,0103,0105,0120,0124,040,0117,0106,040,042,0123,0105,0114,0106,040,0101,0127,0101,0122,0105,0116,0105,0123,0123,042,041,041,0365,",
        "w": 1366,
        "h": 672,
        "x0": 683,
        "y0": 336,
        "x0rel": 0,
        "y0rel": 0,
        "unit": 100,
        "imgurl": "",
        "imgw": 2,
        "imgleft": -1,
        "imgtop": -1
    },
    {
        "shapes": [
            "0220:0105,0126,0105,0122,0131,0124,0110,0111,0116,0107,040,0111,0123,040,0122,0105,0103,0125,0122,0123,0111,0126,0105,0365,",
            "0221:0105,0126,0105,0122,0131,0124,0110,0111,0116,0107,040,0111,0123,040,0120,0110,0131,0123,0111,0103,0101,0114,0365,",
            "0222:0105,0126,0105,0122,0131,0124,0110,0111,0116,0107,040,0111,0123,040,0106,0122,0101,0103,0124,0101,0114,0365,",
            "0223:0116,0117,040,0115,0117,0116,0105,0131,0365,",
            "0224:0116,0117,040,0115,0111,0116,0111,0116,0107,0365,",
            "0225:0116,0117,040,0120,0122,0117,0120,0105,0122,0124,0131,0365,",
            "0226:0114,0117,0117,0113,040,0124,0117,040,0124,0110,0105,040,0111,0116,0123,0105,0103,0124,0123,0365,",
            "0227:0114,0117,0117,0113,040,0124,0117,040,0124,0110,0105,040,0106,0125,0116,0107,0111,0365,",
            "0230:0114,0101,0116,0107,0125,0101,0107,0105,040,0111,0123,040,0110,0117,0127,040,0124,0110,0105,040,0115,0111,0116,0104,040,0120,0101,0122,0123,0105,0123,040,0122,0105,0101,0114,0111,0124,0131,0365,",
            "0240:0330,0330,0332,0332,0332,0332,0336,0333,0330,0333,0114,0141,0167,0163,040,0157,0146,040,0107,0145,0157,0155,0145,0164,0162,0157,0156,0365,0331,0331,0331,0332,0332,0332,0332,0336,0220,0331,0331,0221,0331,0331,0222,0337,0337,0333,0333,0333,0333,0330,0336,0336,0333,0223,0331,0331,0224,0331,0331,0225,0333,0333,0333,0333,0330,0333,0333,0330,0333,0333,0330,0330,0333,0227,0331,0331,0226,0331,0331,0230,",
            "0260:0330,0330,0336,0332,0332,0332,0332,0332,0332,0332,0332,0227,0331,0331,0104,0111,0107,0105,0123,0124,0111,0117,0116,040,0111,0123,040,0105,0130,0124,0105,0122,0116,0101,0114,0336,0365,0331,0331,0105,0116,0132,0131,0115,0105,0123,040,0103,0101,0116,040,0105,0126,0117,0114,0126,0105,040,0111,0116,040,0122,0105,0101,0114,040,0124,0111,0115,0105,0365,0331,0331,0124,0101,0113,0105,040,0115,0101,0116,0131,040,0106,0117,0122,0115,0123,0365,0331,0331,0116,0117,040,0103,0114,0105,0101,0122,040,0114,0111,0116,0105,040,0127,0110,0105,0122,0105,040,0117,0122,0107,0101,0116,0111,0123,0115,040,0123,0124,0101,0122,0124,0123,057,0123,0124,0117,0120,0123,0365,0331,0331,0115,0125,0124,0125,0101,0114,0111,0123,0115,040,0127,0111,0124,0110,040,0117,0124,0110,0105,0122,040,0117,0122,0107,0101,0116,0111,0123,0115,0123,0365,0331,0331,0101,0124,0117,0115,0111,0103,040,0124,0122,0101,0116,0123,0120,0117,0122,0124,0365,"
        ],
        "glyph": "0330,0330,0336,0332,0332,0332,0332,0332,0332,0332,0332,0227,0331,0331,0104,0111,0107,0105,0123,0124,0111,0117,0116,040,0111,0123,040,0105,0130,0124,0105,0122,0116,0101,0114,0336,0365,0331,0331,0105,0116,0132,0131,0115,0105,0123,040,0103,0101,0116,040,0105,0126,0117,0114,0126,0105,040,0111,0116,040,0122,0105,0101,0114,040,0124,0111,0115,0105,0365,0331,0331,0124,0101,0113,0105,040,0115,0101,0116,0131,040,0106,0117,0122,0115,0123,0365,0331,0331,0116,0117,040,0103,0114,0105,0101,0122,040,0114,0111,0116,0105,040,0127,0110,0105,0122,0105,040,0117,0122,0107,0101,0116,0111,0123,0115,040,0123,0124,0101,0122,0124,0123,057,0123,0124,0117,0120,0123,0365,0331,0331,0115,0125,0124,0125,0101,0114,0111,0123,0115,040,0127,0111,0124,0110,040,0117,0124,0110,0105,0122,040,0117,0122,0107,0101,0116,0111,0123,0115,0123,0365,0331,0331,0101,0124,0117,0115,0111,0103,040,0124,0122,0101,0116,0123,0120,0117,0122,0124,0365,",
        "w": 1366,
        "h": 672,
        "x0": 683,
        "y0": 336,
        "x0rel": 0,
        "y0rel": 0,
        "unit": 100,
        "imgurl": "",
        "imgw": 2,
        "imgleft": -1,
        "imgtop": -1
    },
    {
        "shapes": [
            "0220:0105,0126,0105,0122,0131,0124,0110,0111,0116,0107,040,0111,0123,040,0122,0105,0103,0125,0122,0123,0111,0126,0105,0365,",
            "0221:0105,0126,0105,0122,0131,0124,0110,0111,0116,0107,040,0111,0123,040,0120,0110,0131,0123,0111,0103,0101,0114,0365,",
            "0222:0105,0126,0105,0122,0131,0124,0110,0111,0116,0107,040,0111,0123,040,0106,0122,0101,0103,0124,0101,0114,0365,",
            "0223:0116,0117,040,0115,0117,0116,0105,0131,0365,",
            "0224:0116,0117,040,0115,0111,0116,0111,0116,0107,0365,",
            "0225:0116,0117,040,0120,0122,0117,0120,0105,0122,0124,0131,0365,",
            "0226:0114,0117,0117,0113,040,0124,0117,040,0124,0110,0105,040,0111,0116,0123,0105,0103,0124,0123,0365,",
            "0227:0114,0117,0117,0113,040,0124,0117,040,0124,0110,0105,040,0106,0125,0116,0107,0111,0365,",
            "0230:0114,0101,0116,0107,0125,0101,0107,0105,040,0111,0123,040,0110,0117,0127,040,0124,0110,0105,040,0115,0111,0116,0104,040,0120,0101,0122,0123,0105,0123,040,0122,0105,0101,0114,0111,0124,0131,0365,",
            "0240:0330,0330,0332,0332,0332,0332,0336,0333,0330,0333,0114,0141,0167,0163,040,0157,0146,040,0107,0145,0157,0155,0145,0164,0162,0157,0156,0365,0331,0331,0331,0332,0332,0332,0332,0336,0220,0331,0331,0221,0331,0331,0222,0337,0337,0333,0333,0333,0333,0330,0336,0336,0333,0223,0331,0331,0224,0331,0331,0225,0333,0333,0333,0333,0330,0333,0333,0330,0333,0333,0330,0330,0333,0227,0331,0331,0226,0331,0331,0230,",
            "0260:0330,0330,0332,0332,0332,0336,0336,0332,0332,0332,0332,0230,0331,0331,0331,0333,0333,0333,0333,0333,0331,0331,0331,0331,0333,0337,0337,0341,0337,0341,0333,0333,0333,0336,0332,0332,0332,0336,0330,0330,0332,0331,0336,0162,0145,0141,0154,0151,0164,0171,040,0151,0163,040,0157,0165,0164,040,0150,0145,0162,0145,040,0163,0157,0155,0145,0167,0150,0145,0162,0145,0365,0331,0331,0332,0332,0332,0332,0332,0331,0331,0332,0332,0332,0332,0332,0332,0337,0330,0336,0332,0331,0115,0111,0116,0104,0365,0330,0333,0333,0333,0330,0333,0330,0333,0330,0333,0335,0350,0334,0304,01114,01101,01116,0350,0350,0335,0304,01107,01125,0350,0350,0335,0335,0304,01101,01107,01105,0333,0333,0350,0350,0334,0304,0334,0333,0333,0333,0333,0337,0336,0330,0333,0145,0144,0151,0164,0151,0156,0147,040,0154,0141,0156,0147,0165,0141,0147,0145,040,0151,0163,040,0141,0163,040,0160,0157,0167,0145,0162,0146,0165,0154,0365,0331,0331,0141,0163,040,0145,0144,0151,0164,0151,0156,0147,040,0162,0145,0141,0154,0151,0164,0171,040,0151,0164,0163,0145,0154,0146,041,0365,0331,0331,0333,050,0167,0150,0141,0164,0145,0166,0145,0162,040,042,0162,0145,0141,0154,0151,0164,0171,042,040,0145,0166,0145,0156,040,0151,0163,051,0365,"
        ],
        "glyph": "0330,0330,0332,0332,0332,0336,0336,0332,0332,0332,0332,0230,0331,0331,0331,0333,0333,0333,0333,0333,0331,0331,0331,0331,0333,0337,0337,0341,0337,0341,0333,0333,0333,0336,0332,0332,0332,0336,0330,0330,0332,0331,0336,0162,0145,0141,0154,0151,0164,0171,040,0151,0163,040,0157,0165,0164,040,0150,0145,0162,0145,040,0163,0157,0155,0145,0167,0150,0145,0162,0145,0365,0331,0331,0332,0332,0332,0332,0332,0331,0331,0332,0332,0332,0332,0332,0332,0337,0330,0336,0332,0331,0115,0111,0116,0104,0365,0330,0333,0333,0333,0330,0333,0330,0333,0330,0333,0335,0350,0334,0304,01114,01101,01116,0350,0350,0335,0304,01107,01125,0350,0350,0335,0335,0304,01101,01107,01105,0333,0333,0350,0350,0334,0304,0334,0333,0333,0333,0333,0337,0336,0330,0333,0145,0144,0151,0164,0151,0156,0147,040,0154,0141,0156,0147,0165,0141,0147,0145,040,0151,0163,040,0141,0163,040,0160,0157,0167,0145,0162,0146,0165,0154,0365,0331,0331,0141,0163,040,0145,0144,0151,0164,0151,0156,0147,040,0162,0145,0141,0154,0151,0164,0171,040,0151,0164,0163,0145,0154,0146,041,0365,0331,0331,0333,050,0167,0150,0141,0164,0145,0166,0145,0162,040,042,0162,0145,0141,0154,0151,0164,0171,042,040,0145,0166,0145,0156,040,0151,0163,051,0365,",
        "w": 1366,
        "h": 672,
        "x0": 683,
        "y0": 336,
        "x0rel": 0,
        "y0rel": 0,
        "unit": 100,
        "imgurl": "",
        "imgw": 2,
        "imgleft": -1,
        "imgtop": -1
    }
]