01300:0333,0200,0336,0330,0332,0340,0350,0335,0336,0330,0342,0331,0331,0331,0342,0330,0330,0335,0335,0331,0331,0342,0330,0330,0330,0342,0331,0334,0334,0334,0351,0331,0331,0333,0333,0337,0337    
          01304:0333,0200,0336,0330,0332,0341,0342,0335,0342,0335,0342,0335,0342,0350,0335,0351,0336,0336,0330,0330,0341,0331,0331,0335,0330,0330,0341,0331,0331,0335,0330,0330,0341,0331,0331,0335,0330,0330,0341,0331,0331,0350,0334,0351,0337,0337,0330,0335,0335,0333,0337    
          01305:0333,0200,0336,0330,0332,0305,0342,0335,0342,0335,0342,0335,0342,0335,0342,0335,0341,0350,0335,0351,0336,0330,0336,0336,0341,0337,0337,0331,0335,0330,0336,0336,0341,0337,0337,0331,0335,0330,0336,0336,0341,0337,0337,0331,0335,0330,0336,0336,0341,0337,0337,0331,0335,0330,0336,0336,0341,0337,0337,0331,0350,0335,0304,0337,0331,0333,0337    
          01306:0333,0200,0336,0330,0332,0306,0342,0335,0342,0335,0342,0335,0342,0335,0342,0335,0341,0350,0335,0351,0336,0330,0336,0336,0341,0337,0337,0331,0335,0330,0336,0336,0341,0337,0337,0331,0335,0330,0336,0336,0341,0337,0337,0331,0335,0330,0336,0336,0341,0337,0337,0331,0335,0330,0336,0336,0341,0337,0337,0331,0350,0335,0335,0335,0337,0342,0334,0336,0330,0336,0336,0341,0337,0337,0331,0304,0335,0337,0331,0333,0337    
          01310:0333,0200,0336,0332,0350,0335,0310,0337,0342,0330,0334,0334,0342,0330,0334,0334,0342,0330,0334,0334,0342,0330,0334,0334,0334,0351,0336,0313,0333,0337    
          01311:0335,0305,0342,0334,0311,0337,0342,0336,0335,0330,0334,0350,0334,0337,0342,0334,0334,0304,0336,0313,0335,0200,0334,0305,0350,0335,0342,0330,0335,0335,0335,0311,0336,0342,0330,0334,0334,0334,0336,0342,0335,0335,0335,0337,0331,0334,0334,0334,0337,0331,0334,0313,0304,0335    
          01312:0333,0200,0352,0334,0342,0330,0334,0334,0334,0334,0342,0334,0312,0337,0313,0336,0342,0330,0334,0334,0334,0334,0336,0342,0334,0334,0304,0312,0336,0313,0337,0333,0337    
          01313:0333,0200,0336,0336,0332,0332,0330,0342,0334,0342,0330,0335,0342,0330,0335,0342,0330,0342,0330,0335,0342,0330,0335,0342,0335,0331,0333,0337,0337    
          
01314:0333,0200,0314,0336,0332,0332,0330,0200,0333,0200,0333,0200,0331,0337,0313    

01315:0333,0313,0200,0336,0330,0332,0341,0335,0342,0334,0334,0342,0334,0334,0330,0334,0331,0337  )    
          01317:0333,0200,0336,0336,0330,0332,0336,0330,0333,0337,0342,0336,0330,0334,0337,0337,0342,0330,0336,0342,0330,0335,0336,0342,0331,0342,0332,0330,0337,0337,0333,0333,0331,0337    
          01330:0333,0200,0313,0336,0336,0330,0332,0336,0332,0337,0342,0334,0342,0330,0335,0342,0330,0334,0336,0342,0330,0335,0350,0335,0337,0310,0337,0342,0330,0335,0335,0342,0330,0335,0335,0335,0336,0313,0336,0342,0330,0351,0335,0331,0331,0331,0331,0333,0333,0333,0337,0337,0337    
          01331:0333,0200,0335,0335,0333,0331,0313,0336,0336,0330,0332,0336,0332,0337,0342,0334,0342,0330,0335,0342,0330,0334,0336,0342,0330,0335,0350,0335,0337,0310,0337,0342,0330,0335,0335,0342,0330,0335,0335,0335,0336,0313,0336,0342,0330,0351,0335,0331,0331,0331,0331,0333,0333,0333,0337,0337,0337,0332,0335,0335,0331    
          01332:0333,0200,0334,0333,0313,0336,0336,0330,0332,0336,0332,0337,0342,0334,0342,0330,0335,0342,0330,0334,0336,0342,0330,0335,0350,0335,0337,0310,0337,0342,0330,0335,0335,0342,0330,0335,0335,0335,0336,0313,0336,0342,0330,0351,0335,0331,0331,0331,0331,0333,0333,0333,0337,0337,0337,0335,0331    
          01333:0333,0200,0335,0331,0313,0336,0336,0330,0332,0336,0332,0337,0342,0334,0342,0330,0335,0342,0330,0334,0336,0342,0330,0335,0350,0335,0337,0310,0337,0342,0330,0335,0335,0342,0330,0335,0335,0335,0336,0313,0336,0342,0330,0351,0335,0331,0331,0331,0331,0333,0333,0333,0337,0337,0337,0330,0334    
          01334:0333,0200,0336,0330,0332,0336,0350,0343,0334,0334,0343,0334,0334,0343,0334,0342,0335,0330,0336,0330,0334,0334,0334,0337,0342,0334,0351,0336,0331,0337,0337,0333,0337    
          01335:0333,0200,0336,0330,0332,0336,0350,0343,0334,0334,0343,0334,0334,0343,0334,0334,0334,0342,0334,0330,0336,0330,0335,0335,0335,0337,0342,0336,0335,0331,0351,0337,0337,0332,0335,0335,0337,0331    

01336:0333,0200,0336,0330,0334,0336,0330,0337,0342,0336,0331,0335,0337,0331,0337    
          01337:0333,0200,0336,0330,0332,0336,0342,0334,0342,0334,0342,0334,0342,0330,0330,0334,0337,0331,0337    

01340:0333,0200,0336,0330,0332,0340,0333,0331,0337    
          
01341:0333,0200,0336,0330,0332,0341,0340,0333,0331,0337    
          01342:0333,0200,0336,0330,0332,0334,0336,0342,0330,0340,0331,0335,0335,0342,0330,0340,0333,0333,0330,0334,0337,0337    
          01343:0333,0200,0336,0330,0332,0350,0343,0335,0342,0334,0334,0342,0335,0340,0351,0331,0333,0337    
    
01344:0304,0313,0333,0200,0336,0332,0344,0333,0337        
      
01345:0304,0313,0333,0200,0336,0332,0345,0333,0337        
      
01346:0304,0313,0333,0200,0336,0332,0346,0333,0337        
      
01347:0304,0313,0333,0200,0336,0332,0347,0333,0337        
          01350:0333,0200,0336,0330,0332,0350,0335,0342,0335,0335,0342,0334,0336,0336,0342,0330,0330,0342,0331,0331,0351,0337,0337,0334,0333,0331,0337    
          01351:0333,0200,0336,0332,0330,0350,0335,0336,0336,0342,0330,0330,0342,0330,0330,0342,0331,0331,0331,0331,0335,0337,0337,0342,0335,0342,0334,0351,0333,0330,0334,0337    
          01352:0333,0200,0336,0330,0332,0335,0350,0352,0334,0334,0334,0342,0335,0335,0336,0336,0342,0330,0330,0342,0331,0331,0335,0335,0342,0330,0330,0342,0331,0331,0335,0335,0337,0337,0342,0335,0335,0335,0351,0353,0330,0334,0334,0333,0337    
          01353:0333,0200,0336,0330,0332,0335,0350,0352,0334,0342,0335,0335,0342,0335,0335,0336,0336,0342,0330,0330,0342,0331,0331,0334,0334,0334,0334,0334,0334,0342,0330,0330,0342,0331,0331,0335,0335,0335,0351,0353,0337,0337,0333,0330,0334,0337    
          01360:0333,0200,0336,0336,0330,0332,0332,0330,0341,0332,0334,0336,0342,0330,0334,0337,0342,0330,0336,0342,0330,0334,0337,0337,0342,0330,0336,0342,0330,0334,0342,0330,0336,0342,0330,0334,0342,0335,0333,0337,0337,0331,0337    
          01361:0333,0200,0336,0330,0332,0336,0350,0343,0334,0343,0334,0343,0335,0335,0335,0335,0343,0334,0334,0351,0331,0334,0336,0330,0342,0330,0334,0342,0330,0334,0342,0330,0342,0330,0342,0330,0342,0330,0334,0342,0330,0334,0342,0335,0333,0333,0331,0331,0337,0337,0337    

01364:0313,0304,0333,0200,0336,0330,0332,0336,0331,0332,0337,0350,0350,0334,0342,0335,0335,0342,0334,0304,0333,0350,0350,0334,0342,0335,0335,0342,0334,0304,0336,0333,0331,0337,0337    

01366:0304,0313,0333,0200,0336,0330,0332,0336,0330,0332,0337,0366,0336,0330,0332,0337,0337,0333,0331    
          01370:0333,0200,0336,0336,0332,0332,0336,0330,0337,0337,0342,0330,0336,0342,0331,0335,0342,0330,0336,0342,0330,0334,0342,0330,0337,0342,0330,0337,0336,0336,0342,0330,0334,0342,0330,0342,0330,0342,0330,0335,0331,0331,0331,0331,0331,0333,0333,0335,0335,0342,0330,0334,0350,0334,0342,0334,0334,0342,0335,0351,0332,0332,0330,0330,0330,0333,0335,0306,0342,0336,0331,0337,0337,0342,0330,0334,0334,0342,0330,0334,0334,0342,0330,0334,0334,0304,0334,0333,0333,0336,0336,0332,0337,0337,0337,0331,0337    
          01371:0333,0200,0336,0336,0332,0332,0336,0330,0337,0337,0342,0330,0336,0342,0331,0335,0342,0330,0336,0342,0330,0334,0342,0330,0337,0342,0330,0337,0336,0336,0342,0330,0334,0342,0330,0342,0330,0342,0330,0335,0331,0331,0332,0332,0335,0342,0330,0334,0334,0350,0335,0342,0334,0334,0342,0335,0335,0335,0351,0333,0336,0331,0331,0331,0333,0335,0337,0337,0306,0342,0330,0334,0334,0342,0330,0334,0334,0342,0330,0334,0334,0304,0330,0330,0336,0336,0331,0334,0337,0337,0337,0331,0336,0336,0336,0330,0337,0337,0337,0337    
          01372:0333,0200,0336,0336,0332,0332,0336,0330,0337,0337,0342,0330,0336,0342,0331,0335,0342,0330,0336,0342,0330,0334,0342,0330,0337,0342,0330,0337,0336,0336,0342,0330,0334,0342,0330,0342,0330,0342,0330,0335,0331,0331,0331,0331,0331,0333,0333,0335,0335,0342,0330,0334,0350,0334,0342,0334,0334,0342,0335,0351,0332,0332,0330,0330,0330,0336,0331,0333,0337,0337,0342,0330,0335,0342,0330,0335,0342,0330,0335,0342,0330,0335,0333,0333,0336,0336,0332,0337,0337,0337,0331,0336,0336,0336,0330,0337,0337,0337,0337    
          01373:0333,0200,0336,0336,0332,0332,0336,0330,0337,0337,0342,0330,0336,0342,0331,0335,0342,0330,0336,0342,0330,0334,0342,0330,0337,0342,0330,0337,0336,0336,0342,0330,0334,0342,0330,0342,0330,0342,0330,0335,0331,0331,0332,0332,0335,0342,0330,0334,0334,0350,0335,0342,0334,0334,0342,0335,0335,0335,0351,0333,0331,0331,0336,0330,0333,0337,0337,0342,0330,0335,0342,0330,0335,0342,0330,0335,0342,0330,0335,0333,0333,0331,0331,0336,0336,0330,0332,0337,0337,0337,0337    
          01374:0333,0200,0336,0336,0332,0332,0336,0330,0337,0337,0342,0330,0336,0342,0331,0335,0342,0330,0336,0342,0330,0334,0342,0330,0337,0342,0330,0337,0336,0336,0342,0330,0334,0342,0330,0342,0330,0342,0330,0335,0331,0331,0331,0331,0331,0333,0333,0335,0335,0342,0330,0334,0350,0334,0342,0334,0334,0342,0335,0351,0332,0332,0330,0330,0330,0333,0335,0305,0342,0330,0334,0342,0330,0334,0342,0330,0334,0342,0330,0334,0342,0330,0334,0304,0334,0333,0333,0333,0331,0331,0331,0331,0337,0337,0337    
          01375:0333,0200,0336,0336,0332,0332,0336,0330,0337,0337,0342,0330,0336,0342,0331,0335,0342,0330,0336,0342,0330,0334,0342,0330,0337,0342,0330,0337,0336,0336,0342,0330,0334,0342,0330,0342,0330,0342,0330,0335,0331,0331,0332,0332,0335,0342,0330,0334,0334,0350,0335,0342,0334,0334,0342,0335,0335,0335,0351,0333,0331,0331,0333,0330,0335,0305,0342,0330,0334,0342,0330,0334,0342,0330,0334,0342,0330,0334,0342,0330,0334,0304,0330,0330,0330,0334,0331,0331,0331,0331,0337,0337,0337    
          01376:0333,0200,0336,0336,0332,0332,0336,0330,0337,0337,0342,0330,0336,0342,0331,0335,0342,0330,0336,0342,0330,0334,0342,0330,0337,0342,0330,0337,0336,0336,0342,0330,0334,0342,0330,0342,0330,0342,0330,0335,0331,0331,0331,0331,0331,0333,0333,0335,0335,0342,0330,0334,0350,0334,0342,0334,0334,0342,0335,0351,0332,0332,0330,0330,0330,0335,0330,0306,0342,0330,0334,0342,0330,0334,0342,0330,0334,0342,0330,0334,0342,0330,0334,0342,0330,0334,0304,0330,0330,0330,0334,0337,0337,0331,0337    
          01377:0333,0200,0336,0336,0332,0332,0336,0330,0337,0337,0342,0330,0336,0342,0331,0335,0342,0330,0336,0342,0330,0334,0342,0330,0337,0342,0330,0337,0336,0336,0342,0330,0334,0342,0330,0342,0330,0342,0330,0335,0331,0331,0332,0332,0335,0342,0330,0334,0334,0350,0335,0342,0334,0334,0342,0335,0335,0335,0351,0333,0331,0333,0335,0306,0342,0330,0334,0342,0330,0334,0342,0330,0334,0342,0330,0334,0342,0330,0334,0342,0330,0334,0304,0333,0330,0330,0330,0334,0331,0331,0331,0337,0337,0337    