0040:0333
0041:0333,0336,0336,0332,0332,0332,0330,0336,0331,0336,0341,0330,0330,0330,0337,0337,0337,0342,0336,0336,0336,0331,0331,0331,0331,0331,0337,0337,0333,0337,0337
0042:0333,0330,0336,0332,0336,0332,0331,0342,0333,0342,0333,0330,0337,0337,0331
0043:0333,0336,0336,0332,0332,0332,0333,0336,0332,0337,0337,0337,0342,0336,0336,0333,0337,0337,0342,0336,0336,0332,0332,0336,0332,0330,0330,0330,0335,0337,0337,0337,0342,0336,0336,0336,0332,0332,0337,0337,0337,0342,0336,0336,0336,0332,0332,0332,0337,0337,0337,0330,0334,0331
0044:0333,0336,0330,0332,0336,0330,0350,0335,0335,0334,0350,0343,0334,0334,0343,0334,0334,0343,0334,0334,0343,0334,0334,0343,0334,0334,0330,0330,0343,0335,0335,0343,0335,0335,0334,0334,0334,0334,0334,0334,0343,0334,0334,0343,0334,0334,0343,0334,0334,0343,0335,0335,0335,0335,0335,0335,0335,0335,0351,0351,0330,0335,0335,0333,0333,0337,0337,0336,0332,0337,0342,0336,0333,0337
0045:0333,0336,0332,0332,0350,0335,0337,0310,0337,0342,0336,0313,0334,0351,0336,0336,0330,0330,0330,0333,0341,0331,0331,0331,0333,0333,0330,0341,0333,0331,0337,0337
0046:0333,0336,0332,0330,0336,0330,0341,0331,0334,0350,0334,0342,0334,0330,0343,0335,0335,0343,0334,0334,0334,0334,0334,0334,0351,0333,0350,0334,0342,0335,0335,0335,0335,0342,0334,0334,0336,0342,0334,0351,0331,0331,0333,0333,0337,0337,0337
0047:0333,0336,0330,0332,0336,0330,0342,0333,0333,0331,0331,0331,0337,0337
0050:0333,0336,0330,0334,0331,0331,0337,0337,0350,0350,0350,0343,0350,0334,0334,0343,0335,0335,0335,0335,0335,0343,0334,0334,0334,0351,0351,0351,0351,0336,0330,0335,0336,0332,0331,0337
0051:0333,0336,0330,0335,0337,0331,0331,0337,0350,0350,0350,0343,0350,0334,0334,0343,0335,0335,0335,0335,0343,0334,0334,0351,0351,0351,0351,0330,0335,0335,0335,0336,0336,0331,0336,0333,0337,0337
0052:0333,0336,0332,0330,0352,0342,0335,0335,0342,0335,0335,0342,0335,0335,0342,0335,0335,0342,0335,0335,0342,0335,0335,0353,0331,0333,0337
0053:0333,0336,0330,0332,0336,0342,0335,0342,0335,0342,0335,0342,0335,0331,0331,0333,0333,0337,0337
0054:0333,0336,0332,0336,0334,0350,0334,0342,0335,0351,0335,0333,0337,0337
0055:0333,0336,0330,0332,0335,0336,0342,0331,0342,0333,0333,0330,0330,0330,0334,0337,0337
0056:0333,0336,0332,0336,0336,0341,0333,0333,0333,0337,0337,0337
0057:0333,0332,0350,0335,0310,0337,0342,0336,0313,0334,0351,0333
0060:0313,0304,0336,0336,0330,0333,0330,0330,0343,0331,0331,0334,0334,0343,0332,0334,0334,0337,0342,0332,0342,0336,0331,0337,0337,0350,0350,0335,0350,0350,0335,0350,0334,0311,0337,0310,0336,0342,0337,0311,0336,0335,0351,0334,0351,0351,0334,0304,0333,0336,0336,0332,0337,0337
0061:0304,0313,0335,0336,0342,0336,0330,0334,0337,0337,0342,0330,0334,0350,0334,0336,0336,0310,0337,0342,0336,0313,0335,0351,0335,0337,0331,0331,0333,0336,0336,0332,0337,0337,0337
0062:0304,0313,0335,0336,0342,0336,0330,0334,0330,0330,0330,0343,0331,0331,0331,0332,0337,0337,0306,0350,0335,0342,0334,0304,0333,0336,0336,0332,0337,0337
0063:0313,0304,0336,0336,0330,0333,0335,0343,0332,0332,0343,0334,0350,0343,0331,0331,0335,0335,0335,0335,0343,0330,0334,0334,0334,0334,0304,0333,0336,0333,0337,0337,0337
0064:0333,0336,0332,0337,0342,0336,0330,0334,0342,0330,0335,0350,0335,0342,0334,0351,0331,0337,0336,0333,0336,0333,0337,0337
0065:0313,0304,0336,0336,0330,0333,0335,0343,0335,0335,0350,0334,0350,0334,0343,0334,0351,0351,0331,0331,0331,0334,0342,0335,0335,0342,0330,0334,0342,0330,0342,0330,0334,0342,0330,0333,0333,0334,0333,0336,0333,0337,0337,0337
0066:0304,0313,0336,0336,0332,0337,0337,0333,0336,0336,0332,0332,0330,0341,0332,0350,0350,0335,0337,0337,0342,0336,0336,0334,0351,0351,0333,0333,0333,0331,0336,0332,0337,0337,0337
0067:0336,0332,0336,0336,0333,0337,0337,0337,0333,0336,0332,0350,0350,0335,0337,0342,0330,0334,0334,0334,0334,0334,0336,0342,0351,0351,0335,0350,0350,0335,0337,0331,0334,0351,0351,0336,0333,0337
0070:0304,0313,0336,0336,0336,0332,0332,0337,0337,0337,0333,0336,0332,0336,0330,0341,0330,0330,0341,0333,0333,0331,0331,0331,0336,0332,0337,0337,0337
0071:0304,0313,0336,0336,0332,0337,0337,0333,0336,0336,0332,0337,0337,0342,0336,0330,0336,0330,0332,0341,0333,0333,0330,0337,0337,0331
0072:0333,0336,0332,0330,0336,0336,0336,0341,0331,0331,0331,0331,0331,0331,0331,0341,0333,0333,0333,0333,0331,0337,0337,0337,0337
0073:0333,0336,0332,0330,0336,0336,0336,0341,0331,0331,0331,0331,0334,0334,0337,0337,0350,0335,0342,0335,0351,0335,0331,0333,0337,0337
0074:0333,0336,0330,0332,0350,0335,0342,0335,0335,0342,0335,0351,0330,0335,0335,0333,0337
0075:0333,0336,0336,0332,0330,0334,0337,0342,0336,0333,0337,0342,0336,0332,0332,0335,0333,0337,0337
0076:0333,0336,0330,0332,0350,0334,0342,0334,0334,0342,0335,0335,0335,0351,0331,0333
0077:0333,0336,0336,0332,0332,0330,0336,0331,0341,0330,0330,0342,0330,0330,0330,0343,0335,0335,0350,0334,0343,0335,0351,0330,0342,0335,0335,0337,0331,0331,0331,0336,0330,0333,0333,0333,0337,0337,0337
0100:0333,0336,0332,0330,0336,0336,0341,0337,0343,0334,0343,0334,0334,0336,0330,0342,0331,0337,0350,0335,0335,0343,0351,0330,0330,0335,0335,0333,0333,0337,0337
0101:0304,0313,0311,0305,0350,0350,0335,0342,0351,0335,0336,0333,0334,0334,0337,0342,0336,0336,0330,0334,0334,0342,0335,0335,0331,0350,0335,0337,0337,0304,0313,0336,0336,0336,0333,0337,0337,0337
0102:0304,0313,0336,0336,0336,0333,0337,0337,0337,0342,0330,0335,0336,0336,0342,0333,0333,0342,0332,0330,0343,0333,0333,0343,0333,0331,0342,0334,0337,0333,0336,0336,0333,0337,0337,0337,0304,0313
0103:0333,0336,0330,0332,0334,0343,0335,0335,0350,0334,0334,0343,0335,0335,0335,0335,0343,0351,0330,0335,0335,0333,0337,0304,0313
0104:0333,0332,0342,0336,0330,0350,0335,0343,0335,0335,0343,0335,0351,0330,0335,0335,0336,0333,0337,0333,0337,0304,0313
0105:0304,0313,0333,0336,0332,0336,0332,0332,0337,0337,0342,0335,0336,0342,0332,0336,0342,0337,0332,0342,0336,0331,0334,0337,0337,0333,0331,0304,0313
0106:0304,0313,0333,0336,0332,0336,0332,0332,0337,0337,0342,0335,0336,0332,0336,0342,0337,0332,0342,0336,0331,0334,0337,0337,0333,0331,0304,0313
0107:0304,0313,0333,0336,0330,0332,0334,0343,0335,0335,0350,0334,0334,0343,0335,0335,0335,0335,0343,0351,0330,0335,0335,0333,0337,0336,0336,0332,0336,0333,0337,0342,0330,0334,0342,0335,0331,0333,0337,0337,0304,0313
0110:0304,0313,0333,0336,0336,0332,0332,0337,0337,0342,0336,0332,0337,0342,0336,0330,0335,0342,0330,0334,0331,0336,0333,0337,0337,0304,0313
0111:0304,0313,0333,0336,0336,0332,0332,0334,0337,0342,0336,0330,0335,0337,0337,0342,0330,0336,0336,0334,0342,0335,0335,0342,0330,0330,0334,0337,0337,0331
0112:0304,0313,0333,0336,0330,0332,0342,0330,0335,0336,0342,0334,0334,0342,0334,0330,0330,0342,0330,0333,0343,0335,0335,0333,0331,0333,0336,0333,0337,0337,0337
0113:0304,0313,0333,0336,0332,0332,0337,0342,0336,0330,0350,0335,0310,0337,0342,0336,0313,0335,0335,0310,0337,0342,0336,0313,0335,0351,0330,0335,0335,0333,0337,0304,0313,0336,0336,0336,0333,0337,0337,0337
0114:0333,0336,0332,0336,0332,0337,0337,0342,0336,0335,0342,0330,0336,0330,0334,0337,0337
0115:0304,0310,0342,0330,0335,0306,0335,0311,0336,0342,0330,0334,0334,0342,0330,0334,0334,0334,0334,0350,0335,0337,0342,0330,0304,0335,0335,0313,0336,0336,0336,0333,0337,0337,0337
0116:0342,0330,0335,0306,0335,0313,0337,0312,0336,0342,0330,0334,0334,0350,0334,0337,0313,0336,0304,0342,0336,0336,0336,0333,0337,0337,0337
0117:0333,0336,0330,0332,0341,0331,0333,0337
0120:0333,0332,0336,0336,0333,0337,0337,0342,0336,0330,0336,0330,0333,0341,0333,0333,0330,0337,0337,0331
0121:0333,0336,0330,0332,0341,0335,0335,0336,0330,0332,0350,0334,0337,0342,0334,0351,0334,0333,0331,0336,0330,0337,0337
0122:0304,0313,0336,0336,0336,0333,0337,0337,0337,0342,0330,0335,0336,0336,0342,0333,0333,0342,0332,0330,0343,0333,0335,0337,0306,0350,0334,0337,0312,0336,0342,0337,0313,0336,0335,0330,0304,0334,0334,0333,0336,0336,0336,0332,0337,0337,0337,0337
0123:0313,0304,0336,0336,0332,0337,0337,0336,0330,0333,0336,0330,0343,0334,0350,0334,0343,0332,0332,0334,0334,0334,0334,0343,0335,0335,0335,0351,0343,0335,0335,0333,0331,0333,0337,0337
0124:0333,0336,0332,0337,0342,0330,0336,0335,0342,0331,0342,0330,0330,0334,0337,0331
0125:0333,0336,0336,0330,0332,0337,0342,0330,0336,0342,0331,0331,0332,0332,0342,0330,0342,0330,0342,0331,0331,0333,0335,0335,0343,0330,0335,0335,0337,0333,0337
0126:0333,0336,0332,0350,0350,0335,0337,0342,0334,0334,0342,0335,0335,0334,0351,0351,0336,0333,0337
0127:0336,0336,0336,0333,0333,0337,0337,0337,0304,0313,0350,0350,0350,0334,0342,0335,0335,0336,0342,0330,0304,0335,0350,0350,0335,0335,0335,0342,0330,0304,0334,0350,0334,0350,0334,0337,0342,0334,0350,0335,0304,0336,0336,0333,0336,0333,0337,0337,0337
0130:0313,0306,0350,0337,0312,0336,0335,0342,0334,0304,0337,0313,0336,0330,0335,0306,0335,0337,0312,0336,0342,0330,0334,0304,0334,0337,0313,0336,0336,0336,0336,0333,0337,0337,0337
0131:0304,0313,0336,0336,0336,0332,0337,0337,0337,0336,0333,0342,0330,0306,0350,0334,0337,0312,0336,0342,0335,0335,0342,0337,0313,0336,0334,0304,0331,0333,0337,0336,0336,0336,0332,0337,0337,0337
0132:0304,0335,0312,0336,0342,0337,0332,0336,0342,0337,0333,0306,0336,0334,0313,0337,0342,0335,0304,0336,0330,0334,0312,0337,0313,0336,0336,0336,0333,0337,0337,0337
0133:0333,0336,0336,0332,0332,0337,0337,0342,0330,0335,0336,0336,0342,0337,0337,0333,0336,0336,0342,0330,0330,0334,0337,0337
0134:0333,0336,0336,0332,0337,0337,0350,0350,0334,0342,0335,0351,0351,0336,0336,0333,0337,0337
0135:0333,0336,0336,0332,0337,0337,0342,0336,0336,0334,0342,0333,0333,0333,0333,0342,0335,0333,0337,0337,0331
0136:0333,0330,0336,0332,0334,0334,0350,0335,0342,0334,0334,0342,0334,0351,0334,0333,0337,0331
0137:0333,0334,0336,0336,0330,0337,0342,0336,0331,0335,0337,0337
0140:0333,0336,0332,0330,0336,0330,0350,0334,0342,0335,0351,0330,0333,0333,0337,0337,0331
0141:0304,0313,0336,0336,0336,0332,0332,0337,0337,0337,0333,0336,0332,0336,0330,0341,0333,0342,0331,0342,0330,0330,0332,0333,0333,0331,0331,0337,0337,0336,0336,0336,0332,0337,0337,0337,0313,0304
0142:0304,0313,0336,0336,0332,0337,0337,0333,0336,0336,0332,0332,0332,0337,0337,0342,0336,0336,0330,0333,0341,0333,0333,0331,0337,0337,0336,0336,0336,0332,0337,0337,0337,0304,0313
0143:0304,0313,0336,0336,0332,0337,0337,0333,0336,0332,0336,0330,0350,0343,0334,0334,0343,0334,0334,0343,0334,0334,0330,0330,0334,0334,0351,0331,0336,0332,0337,0337,0337
0144:0333,0336,0336,0332,0332,0337,0337,0342,0336,0336,0330,0332,0341,0333,0333,0331,0337,0337
0145:0304,0313,0336,0336,0332,0337,0337,0333,0336,0336,0332,0330,0332,0343,0334,0334,0350,0335,0343,0334,0343,0335,0335,0342,0351,0335,0335,0342,0333,0330,0330,0334,0336,0332,0337,0337,0337
0146:0304,0313,0336,0336,0332,0337,0337,,0333,0336,0336,0332,0332,0337,0342,0330,0336,0336,0342,0330,0333,0343,0332,0331,0331,0335,0337,0336,0342,0334,0334,0342,0335,0331,0331,0331,0333,0333,0333,0333,0337,0337,0337,0304,0313,0336,0336,0336,0332,0337,0337,0337
0147:0304,0313,0336,0336,0336,0332,0332,0337,0337,0337,0333,0336,0332,0336,0330,0341,0333,0342,0331,0342,0331,0342,0331,0342,0332,0335,0335,0343,0331,0331,0332,0332,0334,0334,0337,0337,0336,0336,0336,0332,0337,0337,0337
0150:0304,0313,0342,0336,0330,0333,0336,0331,0332,0343,0333,0334,0334,0342,0330,0334,0334,0336,0333,0337,0337,0337
0151:0333,0336,0336,0332,0332,0332,0342,0330,0336,0342,0330,0330,0330,0336,0341,0331,0331,0331,0331,0331,0331,0331,0331,0331,0331,0337,0333,0333,0337,0337,0337
0152:0333,0336,0336,0332,0332,0332,0342,0331,0342,0332,0335,0335,0343,0332,0331,0331,0331,0336,0336,0341,0330,0330,0330,0330,0330,0330,0330,0330,0335,0335,0337,0333,0333,0337,0337,0337
0153:0304,0313,0336,0336,0332,0337,0337,0333,0336,0336,0332,0332,0332,0337,0342,0330,0336,0342,0331,0350,0335,0342,0335,0335,0310,0337,0342,0336,0313,0334,0351,0334,0331,0333,0336,0333,0337,,0337,0337,0304,0313
0154:0304,0313,0336,0336,0336,0332,0337,0337,0337,0333,0336,0336,0332,0332,0332,0336,0336,0350,0335,0342,0334,0337,0337,0337,0342,0330,0336,0342,0330,0334,0334,0334,0336,0342,0335,0351,0335,0337,0331,0331,0331,0333,0337,0337
0155:0304,0313,0333,0336,0332,0336,0332,0336,0332,0332,0337,0337,0342,0336,0333,0330,0336,0332,0343,0333,0333,0343,0332,0331,0342,0331,0342,0337,0333,0342,0333,0337,0337
0156:0304,0313,0333,0336,0332,0336,0332,0336,0332,0332,0337,0337,0342,0336,0333,0330,0336,0332,0343,0333,0331,0331,0337,0342,0333,0337,0337
0157:0304,0313,0333,0336,0332,0336,0332,0330,0341,0333,0333,0331,0337,0337
0160:0304,0313,0336,0336,0332,0337,0337,,0333,0336,0332,0336,0332,0342,0335,0335,0337,0342,0336,0331,0332,0341,0333,0334,0334,0342,0331,0333,0333,0333,0337,0337
0161:0304,0313,0333,0336,0332,0336,0330,0332,0341,0333,0342,0331,0331,0337,0342,0336,0333,0334,0334,0336,0333,0343,0335,0335,0330,0330,0333,0337,0337,0337
0162:0333,0336,0332,0336,0332,0337,0342,0330,0336,0336,0342,0350,0335,0350,0337,0337,0335,0342,0335,0351,0351,0330,0334,0331,0336,0336,0333,0337,0337,0337
0163:0304,0313,0336,0336,0332,0337,0337,0333,0336,0336,0332,0332,0330,0336,0330,0350,0343,0334,0334,0343,0334,0350,0334,0343,0334,0351,0330,0330,0343,0334,0334,0343,0334,0334,0335,0343,0334,0351,0331,0333,0333,0337,0337,0337
0164:0304,0313,0333,0336,0332,0342,0330,0336,0342,0334,0342,0335,0335,0342,0333,0333,0336,0330,0335,0343,0335,0335,0333,0333,0333,0337,0337,0337
0165:0304,0313,0336,0336,0330,0342,0333,0334,0334,0343,0332,0334,0334,0342,0334,0334,0342,0330,0335,0335,0336,0333,0337,0337,0337
0166:0304,0313,0336,0336,0332,0337,0337,0333,0336,0332,0350,0350,0334,0342,0335,0335,0342,0334,0351,0351,0333,0337,0336,0336,0336,0332,0337,0337,0337
0167:0336,0336,0336,0333,0337,0337,0337,0313,0304,0336,0336,0336,0333,0337,0350,0350,0334,0337,0342,0335,0335,0336,0342,0330,0335,0335,0335,0335,0335,0335,0342,0330,0334,0334,0334,0334,0334,0334,0337,0342,0334,0304,0336,0333,0336,0333,0337,0337,0337
0170:0304,0313,0336,0306,0350,0335,0342,0351,0336,0333,0334,0337,0342,0350,0335,0304,0336,0336,0333,0337,0337,0337
0171:0304,0313,0336,0336,0332,0337,0337,0333,0336,0332,0336,0350,0335,0337,0350,0334,0342,0334,0334,0342,0334,0334,0334,0334,0334,0334,0342,0334,0351,0351,0335,0335,0333,0337,0336,0336,0336,0332,0337,0337,0337
0172:0304,0313,0336,0350,0335,0310,0337,0342,0330,0334,0334,0334,0336,0342,0334,0337,0330,0334,0334,0334,0336,0342,0330,0334,0334,0304,0313,0337,0336,0336,0336,0333,0337,0337,0337
0173:0333,0336,0330,0332,0336,0336,0330,0334,0350,0334,0342,0335,0335,0335,0342,0330,0335,0342,0334,0331,0331,0331,0334,0342,0335,0331,0342,0335,0335,0335,0342,0335,0351,0335,0335,0331,0331,0333,0333,0337,0337,0337
0174:0333,0336,0332,0337,0342,0330,0336,0336,0342,0337,0337,0331,0336,0336,0331,0342,0330,0333,0337,0337
0175:0333,0336,0336,0332,0332,0330,0330,0336,0330,0342,0330,0350,0334,0342,0335,0331,0335,0335,0335,0342,0335,0330,0330,0334,0334,0334,0342,0335,0335,0335,0342,0330,0335,0342,0334,0351,0330,0330,0335,0335,0333,0333,0333,0337,0337,0337
0176:0333,0336,0330,0332,0330,0336,0331,0350,0334,0342,0335,0335,0342,0334,0351,0332,0350,0335,0342,0334,0351,0333,0333,0333,0331,0331,0331,0337,0337
01300:0333,0200,0336,0330,0332,0340,0350,0335,0336,0330,0342,0331,0331,0331,0342,0330,0330,0335,0335,0331,0331,0342,0330,0330,0330,0342,0331,0334,0334,0334,0351,0331,0331,0333,0333,0337,0337
01304:0333,0200,0336,0330,0332,0341,0342,0335,0342,0335,0342,0335,0342,0350,0335,0351,0336,0336,0330,0330,0341,0331,0331,0335,0330,0330,0341,0331,0331,0335,0330,0330,0341,0331,0331,0335,0330,0330,0341,0331,0331,0350,0334,0351,0337,0337,0330,0335,0335,0333,0337
01305:0333,0200,0336,0330,0332,0305,0342,0335,0342,0335,0342,0335,0342,0335,0342,0335,0341,0350,0335,0351,0336,0330,0336,0336,0341,0337,0337,0331,0335,0330,0336,0336,0341,0337,0337,0331,0335,0330,0336,0336,0341,0337,0337,0331,0335,0330,0336,0336,0341,0337,0337,0331,0335,0330,0336,0336,0341,0337,0337,0331,0350,0335,0304,0337,0331,0333,0337
01306:0333,0200,0336,0330,0332,0306,0342,0335,0342,0335,0342,0335,0342,0335,0342,0335,0341,0350,0335,0351,0336,0330,0336,0336,0341,0337,0337,0331,0335,0330,0336,0336,0341,0337,0337,0331,0335,0330,0336,0336,0341,0337,0337,0331,0335,0330,0336,0336,0341,0337,0337,0331,0335,0330,0336,0336,0341,0337,0337,0331,0350,0335,0335,0335,0337,0342,0334,0336,0330,0336,0336,0341,0337,0337,0331,0304,0335,0337,0331,0333,0337
01310:0333,0200,0336,0332,0350,0335,0310,0337,0342,0330,0334,0334,0342,0330,0334,0334,0342,0330,0334,0334,0342,0330,0334,0334,0334,0351,0336,0313,0333,0337
01311:0335,0305,0342,0334,0311,0337,0342,0336,0335,0330,0334,0350,0334,0337,0342,0334,0334,0304,0336,0313,0335,0200,0334,0305,0350,0335,0342,0330,0335,0335,0335,0311,0336,0342,0330,0334,0334,0334,0336,0342,0335,0335,0335,0337,0331,0334,0334,0334,0337,0331,0334,0313,0304,0335
01312:0333,0200,0352,0334,0342,0330,0334,0334,0334,0334,0342,0334,0312,0337,0313,0336,0342,0330,0334,0334,0334,0334,0336,0342,0334,0334,0304,0312,0336,0313,0337,0333,0337
01313:0333,0200,0336,0336,0332,0332,0330,0342,0334,0342,0330,0335,0342,0330,0335,0342,0330,0342,0330,0335,0342,0330,0335,0342,0335,0331,0333,0337,0337
01314:0333,0200,0314,0336,0332,0332,0330,0200,0333,0200,0333,0200,0331,0337,0313
01315:0333,0313,0200,0336,0330,0332,0341,0335,0342,0334,0334,0342,0334,0334,0330,0334,0331,0337
01317:0333,0200,0336,0336,0330,0332,0336,0330,0333,0337,0342,0336,0330,0334,0337,0337,0342,0330,0336,0342,0330,0335,0336,0342,0331,0342,0332,0330,0337,0337,0333,0333,0331,0337
01330:0333,0200,0313,0336,0336,0330,0332,0336,0332,0337,0342,0334,0342,0330,0335,0342,0330,0334,0336,0342,0330,0335,0350,0335,0337,0310,0337,0342,0330,0335,0335,0342,0330,0335,0335,0335,0336,0313,0336,0342,0330,0351,0335,0331,0331,0331,0331,0333,0333,0333,0337,0337,0337
01331:0333,0200,0335,0335,0333,0331,0313,0336,0336,0330,0332,0336,0332,0337,0342,0334,0342,0330,0335,0342,0330,0334,0336,0342,0330,0335,0350,0335,0337,0310,0337,0342,0330,0335,0335,0342,0330,0335,0335,0335,0336,0313,0336,0342,0330,0351,0335,0331,0331,0331,0331,0333,0333,0333,0337,0337,0337,0332,0335,0335,0331
01332:0333,0200,0334,0333,0313,0336,0336,0330,0332,0336,0332,0337,0342,0334,0342,0330,0335,0342,0330,0334,0336,0342,0330,0335,0350,0335,0337,0310,0337,0342,0330,0335,0335,0342,0330,0335,0335,0335,0336,0313,0336,0342,0330,0351,0335,0331,0331,0331,0331,0333,0333,0333,0337,0337,0337,0335,0331
01333:0333,0200,0335,0331,0313,0336,0336,0330,0332,0336,0332,0337,0342,0334,0342,0330,0335,0342,0330,0334,0336,0342,0330,0335,0350,0335,0337,0310,0337,0342,0330,0335,0335,0342,0330,0335,0335,0335,0336,0313,0336,0342,0330,0351,0335,0331,0331,0331,0331,0333,0333,0333,0337,0337,0337,0330,0334
01334:0333,0200,0336,0330,0332,0336,0350,0343,0334,0334,0343,0334,0334,0343,0334,0342,0335,0330,0336,0330,0334,0334,0334,0337,0342,0334,0351,0336,0331,0337,0337,0333,0337
01335:0333,0200,0336,0330,0332,0336,0350,0343,0334,0334,0343,0334,0334,0343,0334,0334,0334,0342,0334,0330,0336,0330,0335,0335,0335,0337,0342,0336,0335,0331,0351,0337,0337,0332,0335,0335,0337,0331
01336:0333,0200,0336,0330,0334,0336,0330,0337,0342,0336,0331,0335,0337,0331,0337
01337:0333,0200,0336,0330,0332,0336,0342,0334,0342,0334,0342,0334,0342,0330,0330,0334,0337,0331,0337
01340:0333,0200,0336,0330,0332,0340,0333,0331,0337
01341:0333,0200,0336,0330,0332,0341,0340,0333,0331,0337
01342:0333,0200,0336,0330,0332,0334,0336,0342,0330,0340,0331,0335,0335,0342,0330,0340,0333,0333,0330,0334,0337,0337
01343:0333,0200,0336,0330,0332,0350,0343,0335,0342,0334,0334,0342,0335,0340,0351,0331,0333,0337
01344:0304,0313,0333,0200,0336,0332,0344,0333,0337
01345:0304,0313,0333,0200,0336,0332,0345,0333,0337
01346:0304,0313,0333,0200,0336,0332,0346,0333,0337
01347:0304,0313,0333,0200,0336,0332,0347,0333,0337
01350:0333,0200,0336,0330,0332,0350,0335,0342,0335,0335,0342,0334,0336,0336,0342,0330,0330,0342,0331,0331,0351,0337,0337,0334,0333,0331,0337
01351:0333,0200,0336,0332,0330,0350,0335,0336,0336,0342,0330,0330,0342,0330,0330,0342,0331,0331,0331,0331,0335,0337,0337,0342,0335,0342,0334,0351,0333,0330,0334,0337
01352:0333,0200,0336,0330,0332,0335,0350,0352,0334,0334,0334,0342,0335,0335,0336,0336,0342,0330,0330,0342,0331,0331,0335,0335,0342,0330,0330,0342,0331,0331,0335,0335,0337,0337,0342,0335,0335,0335,0351,0353,0330,0334,0334,0333,0337
01353:0333,0200,0336,0330,0332,0335,0350,0352,0334,0342,0335,0335,0342,0335,0335,0336,0336,0342,0330,0330,0342,0331,0331,0334,0334,0334,0334,0334,0334,0342,0330,0330,0342,0331,0331,0335,0335,0335,0351,0353,0337,0337,0333,0330,0334,0337
01360:0333,0200,0336,0336,0330,0332,0332,0330,0341,0332,0334,0336,0342,0330,0334,0337,0342,0330,0336,0342,0330,0334,0337,0337,0342,0330,0336,0342,0330,0334,0342,0330,0336,0342,0330,0334,0342,0335,0333,0337,0337,0331,0337
01361:0333,0200,0336,0330,0332,0336,0350,0343,0334,0343,0334,0343,0335,0335,0335,0335,0343,0334,0334,0351,0331,0334,0336,0330,0342,0330,0334,0342,0330,0334,0342,0330,0342,0330,0342,0330,0342,0330,0334,0342,0330,0334,0342,0335,0333,0333,0331,0331,0337,0337,0337
01364:0313,0304,0333,0200,0336,0330,0332,0336,0331,0332,0337,0350,0350,0334,0342,0335,0335,0342,0334,0304,0333,0350,0350,0334,0342,0335,0335,0342,0334,0304,0336,0333,0331,0337,0337
01366:0304,0313,0333,0200,0336,0330,0332,0336,0330,0332,0337,0366,0336,0330,0332,0337,0337,0333,0331
01370:0333,0200,0336,0336,0332,0332,0336,0330,0337,0337,0342,0330,0336,0342,0331,0335,0342,0330,0336,0342,0330,0334,0342,0330,0337,0342,0330,0337,0336,0336,0342,0330,0334,0342,0330,0342,0330,0342,0330,0335,0331,0331,0331,0331,0331,0333,0333,0335,0335,0342,0330,0334,0350,0334,0342,0334,0334,0342,0335,0351,0332,0332,0330,0330,0330,0333,0335,0306,0342,0336,0331,0337,0337,0342,0330,0334,0334,0342,0330,0334,0334,0342,0330,0334,0334,0304,0334,0333,0333,0336,0336,0332,0337,0337,0337,0331,0337
01371:0333,0200,0336,0336,0332,0332,0336,0330,0337,0337,0342,0330,0336,0342,0331,0335,0342,0330,0336,0342,0330,0334,0342,0330,0337,0342,0330,0337,0336,0336,0342,0330,0334,0342,0330,0342,0330,0342,0330,0335,0331,0331,0332,0332,0335,0342,0330,0334,0334,0350,0335,0342,0334,0334,0342,0335,0335,0335,0351,0333,0336,0331,0331,0331,0333,0335,0337,0337,0306,0342,0330,0334,0334,0342,0330,0334,0334,0342,0330,0334,0334,0304,0330,0330,0336,0336,0331,0334,0337,0337,0337,0331,0336,0336,0336,0330,0337,0337,0337,0337
01372:0333,0200,0336,0336,0332,0332,0336,0330,0337,0337,0342,0330,0336,0342,0331,0335,0342,0330,0336,0342,0330,0334,0342,0330,0337,0342,0330,0337,0336,0336,0342,0330,0334,0342,0330,0342,0330,0342,0330,0335,0331,0331,0331,0331,0331,0333,0333,0335,0335,0342,0330,0334,0350,0334,0342,0334,0334,0342,0335,0351,0332,0332,0330,0330,0330,0336,0331,0333,0337,0337,0342,0330,0335,0342,0330,0335,0342,0330,0335,0342,0330,0335,0333,0333,0336,0336,0332,0337,0337,0337,0331,0336,0336,0336,0330,0337,0337,0337,0337
01373:0333,0200,0336,0336,0332,0332,0336,0330,0337,0337,0342,0330,0336,0342,0331,0335,0342,0330,0336,0342,0330,0334,0342,0330,0337,0342,0330,0337,0336,0336,0342,0330,0334,0342,0330,0342,0330,0342,0330,0335,0331,0331,0332,0332,0335,0342,0330,0334,0334,0350,0335,0342,0334,0334,0342,0335,0335,0335,0351,0333,0331,0331,0336,0330,0333,0337,0337,0342,0330,0335,0342,0330,0335,0342,0330,0335,0342,0330,0335,0333,0333,0331,0331,0336,0336,0330,0332,0337,0337,0337,0337
01374:0333,0200,0336,0336,0332,0332,0336,0330,0337,0337,0342,0330,0336,0342,0331,0335,0342,0330,0336,0342,0330,0334,0342,0330,0337,0342,0330,0337,0336,0336,0342,0330,0334,0342,0330,0342,0330,0342,0330,0335,0331,0331,0331,0331,0331,0333,0333,0335,0335,0342,0330,0334,0350,0334,0342,0334,0334,0342,0335,0351,0332,0332,0330,0330,0330,0333,0335,0305,0342,0330,0334,0342,0330,0334,0342,0330,0334,0342,0330,0334,0342,0330,0334,0304,0334,0333,0333,0333,0331,0331,0331,0331,0337,0337,0337
01375:0333,0200,0336,0336,0332,0332,0336,0330,0337,0337,0342,0330,0336,0342,0331,0335,0342,0330,0336,0342,0330,0334,0342,0330,0337,0342,0330,0337,0336,0336,0342,0330,0334,0342,0330,0342,0330,0342,0330,0335,0331,0331,0332,0332,0335,0342,0330,0334,0334,0350,0335,0342,0334,0334,0342,0335,0335,0335,0351,0333,0331,0331,0333,0330,0335,0305,0342,0330,0334,0342,0330,0334,0342,0330,0334,0342,0330,0334,0342,0330,0334,0304,0330,0330,0330,0334,0331,0331,0331,0331,0337,0337,0337
01376:0333,0200,0336,0336,0332,0332,0336,0330,0337,0337,0342,0330,0336,0342,0331,0335,0342,0330,0336,0342,0330,0334,0342,0330,0337,0342,0330,0337,0336,0336,0342,0330,0334,0342,0330,0342,0330,0342,0330,0335,0331,0331,0331,0331,0331,0333,0333,0335,0335,0342,0330,0334,0350,0334,0342,0334,0334,0342,0335,0351,0332,0332,0330,0330,0330,0335,0330,0306,0342,0330,0334,0342,0330,0334,0342,0330,0334,0342,0330,0334,0342,0330,0334,0342,0330,0334,0304,0330,0330,0330,0334,0337,0337,0331,0337
01377:0333,0200,0336,0336,0332,0332,0336,0330,0337,0337,0342,0330,0336,0342,0331,0335,0342,0330,0336,0342,0330,0334,0342,0330,0337,0342,0330,0337,0336,0336,0342,0330,0334,0342,0330,0342,0330,0342,0330,0335,0331,0331,0332,0332,0335,0342,0330,0334,0334,0350,0335,0342,0334,0334,0342,0335,0335,0335,0351,0333,0331,0333,0335,0306,0342,0330,0334,0342,0330,0334,0342,0330,0334,0342,0330,0334,0342,0330,0334,0342,0330,0334,0304,0333,0330,0330,0330,0334,0331,0331,0331,0337,0337,0337
01200:0333,0200,0336,0336,0330,0332,0337,0200,0336,0331,0333,0337,0337
01201:0304,0313,0333,0200,0201,0304
01202:0333,0200,0336,0332,0330,0200,0310,0202,0202,0202,0202,0334,0334,0337,0337,0337,0337,0313,0333,0331,0337
01203:0333,0203,0336,0336,0330,0337,0330,0332,0341,0342,0335,0342,0335,0342,0335,0342,0350,0304,0336,0333,0333,0331,0331,0337,0337,0200
01204:0333,0200
01205:0333,0200
01206:0333,0200
01207:0333,0200
01210:0333,0200,0336,0330,0335,0331,0331,0337,0210,0334,0336,0331,0337
01211:0333,0200,0336,0330,0335,0331,0331,0337,0211,0334,0336,0331,0337
01212:0333,0200,0336,0330,0332,0335,0335,0331,0342,0330,0335,0310,0336,0342,0330,0334,0334,0350,0335,0337,0342,0330,0334,0334,0342,0330,0334,0334,0334,0336,0342,0335,0335,0351,0332,0337,0313,0333,0331,0337
01213:0333,0200
01214:0333,0200,0336,0330,0335,0331,0331,0337,0214,0334,0336,0331,0337
01215:0333,0200,0336,0330,0335,0331,0331,0337,0215,0334,0336,0331,0337
01216:0333,0200,0336,0330,0335,0331,0331,0337,0216,0334,0336,0331,0337
01217:0333,0200,0336,0330,0332,0336,0331,0337,0337,0217,0336,0336,0333,0333,0331,0337,0337
01220:0333,0200,0336,0330,0332,0336,0331,0334,0334,0337,0337,0220,0336,0342,0333,0336,0331,0337,0337
01221:0333,0200,0336,0330,0332,0221,0334,0336,0331,0337,0337
01222:0333,0200,0336,0332,0337,0222,0336,0333,0337,0331
01223:0333,0200,0332,0336,0330,0335,0337,0223,0336,0334,0331,0337
01224:0333,0200,0336,0332,0337,0224,0336,0333,0337,0331
01225:0333,0200,0336,0332,0337,0225,0336,0333,0337,0331
01226:0333,0200
01227:0333,0200
0200:0304,0342,0330,0334,0342,0330,0334,0342,0330,0334,0342,0330,0334
0201:0306,0350,0334,0342,0330,0334,0334,0334,0334,0342,0330,0334,0334,0334,0334,0342,0330,0334,0334,0334
0202:0304,0342,0335,0342,0330,0334,0350,0334,0310,0337,0342
0203:0306,0351
0204:0305,0311,0342,0335,0337,0342,0330,0334,0334,0342,0336
0205:0305,0311,0337,0342,0330,0335,0335,0336,0342,0330,0335,0342
0206:0340
0207:0300
0210:0304,0336,0336,0330,0331,0336,0330,0331,0342,0330,0306,0350,0335,0335,0342,0334,0334,0330,0335,0335,0335,0335,0342,0334,0334,0334,0334,0334,0334,0342,0335,0335,0335,0334,0330,0334,0334,0334,0334,0342,0335,0335,0335,0335,0335,0335,0342,0334,0334,0330,0335,0335,0335,0335,0342,0334,0334,0334,0334,0334,0334,0342,0335,0335,0330,0335,0334,0334,0334,0334,0334,0342,0335,0335,0335,0335,0335,0335,0342,0334,0334,0330,0335,0335,0335,0335,0342,0334,0334,0334,0334,0334,0334,0342,0335,0335,0330,0334,0334,0334,0334,0342,0335,0335,0335,0335,0342,0330,0305,0304,0337,0337,0337
0211:0304,0336,0336,0336,0342,0330,0337,0342,0330,0335,0342,0334,0334,0342,0335,0330,0334,0342,0334,0334,0342,0334,0342,0330,0336,0342,0330,0337,0337,0337
0212:0304,0313,0336,0336,0335,0342,0334,0334,0342,0330,0350,0335,0335,0335,0310,0337,0342,0330,0335,0335,0342,0330,0335,0335,0335,0351,0336,0330,0334,0313,0337,0337
0213:0304,0314,0336,0336,0345,0333,0336,0333,0337,0344,0336,0332,0332,0334,0334,0344,0345,0335,0335,0333,0333,0337,0337,0337
0214:0304,0336,0336,0336,0336,0342,0330,0337,0337,0337,0337,0314,0336,0337,0334,0336,0336,0333,0344,0337,0337,0213,0213,0213,0213,0336,0336,0345,0333,0335,0342,0330,0336,0336,0336,0336,0342,0330,0337,0337,0337,0337,0337,0337,0313
0215:0304,0342,0314,0336,0330,0313,0336,0332,0304,0350,0335,0337,0310,0337,0342,0336,0333,0334,0334,0337,0342,0336,0313,0336,0332,0335,0351,0330,0330,0330,0330,0314,0337,0313,0337
0216:0304,0314,0336,0342,0330,0334,0313,0336,0342,0334,0334,0342,0335,0335,0337,0314,0335,0313,0336,0332,0304,0350,0337,0342,0336,0335,0337,0310,0337,0342,0336,0333,0334,0342,0334,0337,0342,0336,0313,0336,0332,0335,0351,0330,0330,0334,0342,0335,0335,0342,0334,0342,0330,0342,0330,0314,0337,0313,0337
0217:0313,0304,0336,0336,0330,0341,0336,0336,0336,0331,0331,0331,0332,0332,0332,0332,0331,0337,0337,0337,0126,0331,0332,0337,0337,0336,0336,0336,0333,0330,0337,0337,0337
0220:0304,0313,0336,0336,0334,0342,0335,0335,0342,0334,0314,0336,0330,0330,0335,0342,0334,0334,0342,0332,0342,0330,0342,0331,0331,0331,0342,0330,0342,0330,0335,0331,0337,0313,0337,0337,0334,0334
0221:0304,0336,0336,0346,0347,0334,0334,0346,0347,0335,0342,0330,0336,0336,0336,0330,0341,0331,0337,0337,0337,0331,0336,0331,0342,0330,0335,0330,0330,0330,0330,0335,0337,0337,0337,0342,0333,0342,0330
0222:0304,0314,0336,0313,0336,0342,0330,0330,0330,0330,0330,0342,0331,0331,0337,0341,0332,0336,0350,0335,0342,0335,0335,0342,0335,0335,0342,0335,0335,0342,0337,0335,0351,0333,0333,0336,0350,0334,0342,0335,0335,0342,0335,0335,0342,0335,0335,0342,0335,0335,0335,0351,0332,0332,0330,0330,0330,0337,0314,0337,0313
0223:0304,0336,0336,0342,0330,0330,0330,0342,0331,0331,0334,0337,0342,0335,0335,0342,0336,0334,0330,0330,0335,0350,0335,0337,0310,0337,0342,0335,0335,0342,0335,0335,0335,0351,0336,0313,0336,0330,0337,0337
0224:0304,0313,0336,0336,0336,0342,0330,0337,0330,0341,0330,0341,0330,0336,0342,0330,0337,0337,0337
0225:0304,0313,0336,0336,0336,0342,0330,0337,0342,0330,0334,0342,0335,0335,0342,0334,0330,0335,0342,0335,0335,0342,0350,0334,0310,0337,0342,0334,0334,0342,0334,0334,0334,0351,0336,0313,0342,0330,0336,0342,0330,0337,0337,0337
0226:0300
0227:0300
0226:0342,0336,0330,0336,0344,0335,0335,0333,0333,0344,0344,0335,0335,0333,0331,0331,0335,0335,0333,0330,0330,0334,0334,0345,0335,0335,0332,0332,0345,0335,0335,0330,0330,0337,0337
0227:0342,0330,0330,0335,0330,0342,0330,0330,0335,0330,0342,0330,0335,0330,0332,0342,0333,0335,0335,0330,0335,0336,0342,0333,0330,0350,0334,0343,0333,0334,0334,0334,0334,0334,0342,0330,0330,0330,0342,0330,0335,0333,0334,0334,0343,0333,0334,0334,0334,0334,0334,0342,0330,0330,0330,0342,0330,0335,0333,0334,0334,0343,0333,0335,0335,0335,0342,0330,0330,0330,0342,0330,0335,0335,0330,0334,0334,0334,0343,0333,0335,0335,0335,0342,0304,0335,0335,0332,0332,0332,0332,0332,0331
0230:0304,0313,0335,0336,0336,0342,0330,0330,0330,0342,0331,0331,0334,0342,0330,0335,0342,0330,0342,0330,0335,0342,0330,0342,0330,0335,0342,0330,0342,0330,0335,0342,0336,0336,0333,0330,0333,0330,0333,0337,0337,0110,0333,0336,0330,0333,0337,0337,0337
0231:0304,0313,0335,0336,0336,0342,0330,0330,0330,0342,0331,0331,0334,0342,0330,0335,0342,0330,0342,0330,0335,0342,0330,0342,0330,0335,0342,0330,0342,0330,0335,0342,0336,0336,0333,0330,0333,0330,0333,0337,0337,0130,0333,0336,0330,0333,0337,0337,0337
0232:0304,0313,0335,0336,0336,0342,0330,0330,0330,0342,0331,0331,0334,0342,0330,0335,0342,0330,0342,0330,0335,0342,0330,0342,0330,0335,0342,0330,0342,0330,0335,0342,0336,0336,0333,0330,0333,0330,0333,0337,0337,0131,0333,0336,0330,0333,0337,0337,0337
0233:0304,0313,0335,0336,0336,0342,0330,0330,0330,0342,0331,0331,0334,0342,0330,0335,0342,0330,0342,0330,0335,0342,0330,0342,0330,0335,0342,0330,0342,0330,0335,0342,0336,0336,0333,0330,0333,0330,0333,0337,0337,0132,0333,0336,0330,0333,0337,0337,0337
0234:0304,0313,0335,0336,0336,0342,0330,0330,0330,0342,0331,0331,0334,0342,0330,0335,0342,0330,0342,0330,0335,0342,0330,0342,0330,0335,0342,0330,0342,0330,0335,0342,0336,0336,0333,0330,0333,0330,0333,0337,0337,0133,0333,0336,0330,0333,0337,0337,0337
0240:0304,0313,0335,0342,0330,0336,0331,0340,0335,0342,0334,0334,0333,0337
0241:0304,0313,0335,0342,0336,0330,0334,0342,0336,0336,0341,0337,0337,0333,0337
0242:0304,0313,0335,0336,0336,0342,0330,0334,0342,0337,0342,0330,0335,0342,0330,0342,0330,0342,0330,0335,0342,0330,0342,0330,0335,0342,0330,0342,0330,0342,0330,0335,0342,0330,0333,0336,0333,0331,0337,0306,0343,0350,0335,0310,0337,0342,0330,0336,0336,0336,0336,0336,0335,0335,0335,0335,0335,0342,0335,0335,0342,0335,0335,0335,0335,0335,0337,0337,0337,0337,0337,0331,0336,0334,0313,0304,0336,0331,0332,0332,0332,0330,0330,0332,0337,0337
0243:0335,0331,0331,0344,0332,0332,0334,0334,0344,0331,0331,0335,0335,0333,0330,0330,0334,0334,0332,0345,0333,0333,0335,0335,0345,0334,0332,0332
0244:0304,0313,0331,0337,0342,0336,0336,0333,0334,0334,0350,0335,0343,0334,0330,0334,0334,0351,0337,0337,0342,0330,0342,0330,0336,0336,0332,0350,0335,0343,0334,0330,0334,0334,0351,0337,0337,0342,0330,0336,0336,0332,0350,0335,0343,0334,0330,0334,0334,0351,0337,0337,0337,0342,0330,0335,0336,0336,0336,0331,0350,0334,0343,0335,0304,0331,0331,0337
0245:0342,0304,0313,0330,0336,0336,0336,0350,0335,0335,0335,0342,0335,0335,0342,0335,0335,0335,0351,0337,0337,0337,0331
0246:0304,0313,0336,0336,0330,0335,0342,0330,0335,0342,0330,0334,0350,0334,0337,0310,0337,0342,0330,0334,0334,0342,0330,0334,0334,0334,0336,0313,0336,0342,0330,0335,0335,0342,0304,0330,0335,0330,0337,0337,0331
0247:0304,0313,0336,0336,0330,0335,0337,0337,0342,0336,0332,0337,0342,0333,0334,0336,0330,0336,0331,0337,0337
0250:0336,0336,0336,0336,0342,0330,0330,0342,0330,0330,0342,0330,0330,0342,0330,0330,0342,0330,0330,0342,0330,0330,0342,0330,0330,0342,0330,0330,0337,0337,0337,0337
0400:0300
0401:0300,0240,0331,0332,0241,0240,0332,0331,0332,0231,0241,0230,0241,0330,0332,0332,0335,0342,0330,0334,0240,0330,0335,0334,0332,0332,0332,0230,0231,0232,0242,0331,0335,0342,0330,0342,0330,0334,0242,0332,0331,0332,0335,0342,0330,0342,0330,0342,0330,0342,0330,0334,0242,0300,0332,0332,0336,0333,0333,061,0332,0342,0333,0350,0335,0310,0336,0342,0330,0334,0334,0342,0330,0335,0337,0331,0304,0331,0331,0331,0332,0332,0332
0402:0300,0342,0330,0350,0334,0342,0330,0334,0342,0330,0335,0335,0335,0335,0351,0332,0342,0330,0334,0310,0337,0342,0330,0333,0335,0350,0335,0337,0342,0330,0334,0312,0337,0342,0330,0334,0334,0342,0336,0310,0336,0335,0335,0330,0334,0334,0337,0337,0342,0335,0335,0335,0336,0336,0342,0330,0334,0313,0337,0342,0330,0335,0335,0310,0336,0342,0330,0334,0334,0342,0304,0335,0336,0330,0335,0337,0337,0337,0342,0330,0350,0335,0342,0330,0336,0336,0336,0336,0342,0330,0334,0342,0330,0336,0336,0342,0330,0334,0337,0337,0342,0330,0334,0342,0300
0403:0300,0330,0330,0330,0332,0332,0332,0124,0111,0124,0114,0105,0340,0331,0332,0330,0331,0332,0332,0336,0336,0167,0157,0162,0144,0163,0331,0331,0331,0331,0331,0331,0331,0331,0331,0331,0337,0337,0214,0211,0333,0333
0404:0300,0336,0332,0332,0332,0332,0332,0332,0342,0330,0335,0342,0330,0342,0330,0335,0342,0330,0335,0342,0330,0342,0330,0335,0336,0336,0330,0333,0337,0364,0333,0333,0333,0333,0333,0336,0332,0331,0350,0334,0337,0310,0337,0342,0330,0335,0335,0342,0330,0335,0334,0334,0336,0331,0335,0335,0304,0313,0336,0332,0334,0342,0331,0331,0335,0335,0342,0334,0337,0337,0337,0342,0336,0336,0336,0332,0332,0337,0337,0337,0342,0330,0336,0336,0336,0334,0342,0331,0331,0331,0342,0350,0335,0337,0310,0337,0342,0330,0334,0334,0342,0335,0336,0351,0313,0342,0330,0335,0337,0337,0342,0336,0336,0333,0333,0334,0342,0335,0337,0337,0342,0330,0334,0336,0342,0336,0331,0332,0332,0332,0330,0336,0330,0332,0337,0364,0331,0331,0331,0331
0405:0300,0336,0331,0337,0214,0330,0331,0331,0331,0330,0333,0211,0334,0342,0330,0340,0330,0334,0334,0342,0342,0335,0210,0334,0342,0330,0340,0342,0335,0336,0336,0342,0330,0337,0337,0336,0337,0212,0330,0336,0336,0330,0337,0342,0330,0337,0217,0333,0333,0333,0333,0331,0332,0332,0336,0336,0332,0332,0331,0337,0103,0332,0332,0332,0332,0332,0332,0332,0332,0336,0333,0337,0122,0333,0333,0333,0333,0333,0333,0333,0333,0332,0332,0332,0332,0332,0114,0330,0330,0330,0333,0333,0333,0330,0332,0332,0332,0332,0332,0332,0332,0332,0364
0406:0300,0332,0310,0336,0313,0332,0333,0333,0247,0332,0247,0333,0333,0246,0330,0332,0332,0335,0335,0246,0335,0335,0336,0331,0335,0336,0334,0336,0331,0332,0332,0337,0364,0332,0332,0332,0332,0332,0332,0332,0332,0337,0332,0332,0244,0364,0333,0333,0333,0333,0333,0333,0333,0333,0333,0333,0333,0333,0332,0336,0333,0337,0244,0364
0407:0300
0410:0300
0411:0340,0341,0333,0341,0340
0412:0300
0413:0300
0414:0300
0415:0300
0416:0300
0417:0300
0420:0340,0341,0333,0341,0340
0421:0340,0341,0333,0341,0340
0422:0300
0423:0300
0424:0300
0425:0300
0426:0300
0427:0300
0430:0340,0341,0333,0341,0340
0431:0340,0341,0333,0341,0340
0432:0300
0433:0300
0434:0300
0435:0300
0436:0300
0437:0300,0330,0332,0332,0332,0332,0332,0330,0330,0123,0114,0111,0104,0105,040,0124,0111,0124,0114,0105,0330,0330,0330,0330,0330,0330,0332,0332,0332,0332,0300,0330,0332,0332,0332,0330,0336,0336,0336,0341,0337,0331,0333,0337,0142,0165,0154,0154,0145,0164,040,0160,0157,0151,0156,0164,0337,0337,0337,0336,0336,0336,0330,0331,0331,0331,0331,0331,0331,0331,0332,0332,0332,0332,0337,0214,0330,0331,0331,0331,0330,0333,0211,0334,0342,0330,0340,0330,0334,0334,0342,0342,0335,0210,0334,0342,0330,0340,0342,0335,0336,0336,0342,0330,0337,0337,0336,0337,0212,0330,0336,0336,0330,0337,0342,0330,0337,0217,0333,0333,0333,0333,0331,0332,0332,0336,0336,0332,0332,0331,0337,,0103,0332,0332,0332,0332,0332,0332,0332,0332,0336,0333,0337,0122,0333,0333,0333,0333,0333,0333,0333,0333,0332,0332,0332,0332,0332,0114
