0300:040,040,040,040,040,040,0170,040,075,040,0170,060,073,012,040,040,040,040,040,040,0171,040,075,040,0171,060,073,012,040,040,040,040,040,040,0164,0150,0145,0164,0141,040,075,040,0164,0150,0145,0164,0141,060,073,012,040,040,040,040,040,040,0163,0151,0144,0145,040,075,040,0165,0156,0151,0164,073,012,040,040,040,040,040,040,0164,0150,0145,0164,0141,0123,0164,0145,0160,040,075,040,0115,0141,0164,0150,056,0120,0111,057,062,073,012,040,040,040,040,040,040,0163,0143,0141,0154,0145,0106,0141,0143,0164,0157,0162,040,075,040,062,073,012,040,040,040,040,040,040,011,011,011,0143,0164,0170,056,0154,0151,0156,0145,0127,0151,0144,0164,0150,040,075,040,062,056,065,073,012,040,040,040,040,040,040,011,0167,0157,0162,0144,0111,0156,0144,0145,0170,040,075,040,060,073,012,
01300:0162,0145,0163,0145,0164,
0301:
01301:
0302:
01302:
0303:
01303:
0304:040,040,040,040,040,040,0164,0150,0145,0164,0141,0123,0164,0145,0160,040,075,040,0115,0141,0164,0150,056,0120,0111,057,062,073,
01304:
0305:040,040,040,040,040,040,0164,0150,0145,0164,0141,0123,0164,0145,0160,040,075,040,062,052,0115,0141,0164,0150,056,0120,0111,057,065,073,
01305:
0306:040,040,040,040,040,040,0164,0150,0145,0164,0141,0123,0164,0145,0160,040,075,040,0115,0141,0164,0150,056,0120,0111,057,063,073,
01306:
0307:012,
01307:
0310:040,040,040,040,040,040,040,0163,0143,0141,0154,0145,0106,0141,0143,0164,0157,0162,040,075,040,0115,0141,0164,0150,056,0163,0161,0162,0164,050,062,051,073,040,
01310:
0311:040,040,040,040,040,040,040,0163,0143,0141,0154,0145,0106,0141,0143,0164,0157,0162,040,075,040,0160,0150,0151,073,040,057,057,042,0147,0157,0154,0144,0145,0156,042,040,0162,0141,0164,0151,0157,040,
01311:
0312:040,040,040,040,040,040,040,0163,0143,0141,0154,0145,0106,0141,0143,0164,0157,0162,040,075,040,0115,0141,0164,0150,056,0163,0161,0162,0164,050,063,051,073,040,012,
01312:
0313:040,040,040,040,040,040,0163,0143,0141,0154,0145,0106,0141,0143,0164,0157,0162,040,075,040,062,073,040,040,057,057,062,0170,012,
01313:
0314:040,040,040,040,040,040,0163,0143,0141,0154,0145,0106,0141,0143,0164,0157,0162,040,075,040,063,073,040,040,057,057,063,0170,
01314:
0315:040,040,040,040,040,040,0163,0143,0141,0154,0145,0106,0141,0143,0164,0157,0162,040,075,040,063,056,061,064,061,065,071,073,040,040,057,057,0160,0151,052,
01315:
0316:
01316:
0317:
01317:
0320:
