00:
01:
02:
03:
04:
05:
06:
07:
010:011,011,0143,0165,0162,0162,0145,0156,0164,0107,0154,0171,0160,0150,0101,0162,0162,0141,0171,075,0143,0165,0162,0162,0145,0156,0164,0107,0154,0171,0160,0150,056,0163,0160,0154,0151,0164,050,042,054,042,051,073,012,011,011,0146,0151,0162,0163,0164,0110,0141,0154,0146,075,042,042,073,012,011,011,0163,0145,0143,0157,0156,0144,0110,0141,0154,0146,075,042,042,073,011,012,011,011,0146,0157,0162,050,0166,0141,0162,0151,0156,0144,0145,0170,075,060,073,0151,0156,0144,0145,0170,074,0143,0165,0162,0163,0157,0162,0120,0157,0163,0151,0164,0151,0157,0156,055,061,073,0151,0156,0144,0145,0170,053,053,051,0173,012,011,011,011,0146,0151,0162,0163,0164,0110,0141,0154,0146,053,075,0143,0165,0162,0162,0145,0156,0164,0107,0154,0171,0160,0150,0101,0162,0162,0141,0171,0133,0151,0156,0144,0145,0170,0135,053,042,054,042,073,012,011,011,0175,012,011,011,0146,0157,0162,050,0166,0141,0162,0151,0156,0144,0145,0170,075,0143,0165,0162,0163,0157,0162,0120,0157,0163,0151,0164,0151,0157,0156,073,0151,0156,0144,0145,0170,074,0143,0165,0162,0162,0145,0156,0164,0107,0154,0171,0160,0150,0101,0162,0162,0141,0171,056,0154,0145,0156,0147,0164,0150,053,061,073,0151,0156,0144,0145,0170,053,053,051,0173,012,011,011,011,0163,0145,0143,0157,0156,0144,0110,0141,0154,0146,053,075,0143,0165,0162,0162,0145,0156,0164,0107,0154,0171,0160,0150,0101,0162,0162,0141,0171,0133,0151,0156,0144,0145,0170,0135,053,042,054,042,073,012,011,011,0175,011,011,011,011,012,011,011,0143,0165,0162,0162,0145,0156,0164,0107,0154,0171,0160,0150,075,0146,0151,0162,0163,0164,0110,0141,0154,0146,053,0163,0145,0143,0157,0156,0144,0110,0141,0154,0146,073,012,011,011,0143,0165,0162,0163,0157,0162,0120,0157,0163,0151,0164,0151,0157,0156,055,055,073,012,011,011,0162,0145,0144,0162,0141,0167,050,051,073,012,
011:
012:
013:
014:
015:
016:
017:
020:011,011,0143,0165,0162,0163,0157,0162,0120,0157,0163,0151,0164,0151,0157,0156,055,055,073,012,011,011,0151,0146,050,0143,0165,0162,0163,0157,0162,0120,0157,0163,0151,0164,0151,0157,0156,040,074,040,060,051,0173,012,011,011,011,0143,0165,0162,0163,0157,0162,0120,0157,0163,0151,0164,0151,0157,0156,040,075,040,0143,0165,0162,0162,0145,0156,0164,0107,0154,0171,0160,0150,0101,0162,0162,0141,0171,056,0154,0145,0156,0147,0164,0150,073,011,011,011,012,011,011,0175,012,011,011,0162,0145,0144,0162,0141,0167,050,051,073,012,
021:011,011,0143,0165,0162,0163,0157,0162,0120,0157,0163,0151,0164,0151,0157,0156,053,053,073,012,011,011,0151,0146,050,0143,0165,0162,0163,0157,0162,0120,0157,0163,0151,0164,0151,0157,0156,040,076,040,0143,0165,0162,0162,0145,0156,0164,0107,0154,0171,0160,0150,0101,0162,0162,0141,0171,056,0154,0145,0156,0147,0164,0150,040,051,0173,012,011,011,011,0143,0165,0162,0163,0157,0162,0120,0157,0163,0151,0164,0151,0157,0156,040,075,040,060,073,012,011,011,0175,012,011,011,0162,0145,0144,0162,0141,0167,050,051,073,012,
022:011,011,0143,0165,0162,0162,0145,0156,0164,0101,0144,0144,0162,0145,0163,0163,055,055,073,012,011,011,0143,0165,0162,0162,0145,0156,0164,0107,0154,0171,0160,0150,040,075,040,0143,0165,0162,0162,0145,0156,0164,0124,0141,0142,0154,0145,0133,0143,0165,0162,0162,0145,0156,0164,0101,0144,0144,0162,0145,0163,0163,0135,073,012,011,011,0143,0165,0162,0162,0145,0156,0164,0107,0154,0171,0160,0150,0101,0162,0162,0141,0171,040,075,040,0143,0165,0162,0162,0145,0156,0164,0107,0154,0171,0160,0150,056,0163,0160,0154,0151,0164,050,042,054,042,051,073,012,011,011,0143,0165,0162,0163,0157,0162,0120,0157,0163,0151,0164,0151,0157,0156,040,075,040,0143,0165,0162,0162,0145,0156,0164,0107,0154,0171,0160,0150,0101,0162,0162,0141,0171,056,0154,0145,0156,0147,0164,0150,073,012,011,011,0162,0145,0144,0162,0141,0167,050,051,073,012,
023:011,011,0143,0165,0162,0162,0145,0156,0164,0101,0144,0144,0162,0145,0163,0163,053,053,073,012,011,011,0143,0165,0162,0162,0145,0156,0164,0107,0154,0171,0160,0150,040,075,040,0143,0165,0162,0162,0145,0156,0164,0124,0141,0142,0154,0145,0133,0143,0165,0162,0162,0145,0156,0164,0101,0144,0144,0162,0145,0163,0163,0135,073,012,011,011,0143,0165,0162,0162,0145,0156,0164,0107,0154,0171,0160,0150,0101,0162,0162,0141,0171,040,075,040,0143,0165,0162,0162,0145,0156,0164,0107,0154,0171,0160,0150,056,0163,0160,0154,0151,0164,050,042,054,042,051,073,012,011,011,0143,0165,0162,0163,0157,0162,0120,0157,0163,0151,0164,0151,0157,0156,040,075,040,0143,0165,0162,0162,0145,0156,0164,0107,0154,0171,0160,0150,0101,0162,0162,0141,0171,056,0154,0145,0156,0147,0164,0150,073,012,011,011,0162,0145,0144,0162,0141,0167,050,051,073,012,
024:011,011,0151,0146,050,0143,0165,0162,0162,0145,0156,0164,0101,0144,0144,0162,0145,0163,0163,040,074,040,060,061,060,060,060,040,046,046,040,0143,0165,0162,0162,0145,0156,0164,0101,0144,0144,0162,0145,0163,0163,040,076,040,060,051,0173,012,011,011,011,0143,0165,0162,0162,0145,0156,0164,0101,0144,0144,0162,0145,0163,0163,040,053,075,040,060,061,060,060,060,073,012,011,011,011,0143,0165,0162,0162,0145,0156,0164,0107,0154,0171,0160,0150,040,075,040,0143,0165,0162,0162,0145,0156,0164,0124,0141,0142,0154,0145,0133,0143,0165,0162,0162,0145,0156,0164,0101,0144,0144,0162,0145,0163,0163,0135,073,012,012,011,011,0175,012,011,011,0143,0165,0162,0162,0145,0156,0164,0107,0154,0171,0160,0150,0101,0162,0162,0141,0171,040,075,040,0143,0165,0162,0162,0145,0156,0164,0107,0154,0171,0160,0150,056,0163,0160,0154,0151,0164,050,042,054,042,051,073,012,011,011,0143,0165,0162,0163,0157,0162,0120,0157,0163,0151,0164,0151,0157,0156,040,075,040,0143,0165,0162,0162,0145,0156,0164,0107,0154,0171,0160,0150,0101,0162,0162,0141,0171,056,0154,0145,0156,0147,0164,0150,073,012,011,011,0162,0145,0144,0162,0141,0167,050,051,073,012,
025:011,011,0151,0146,050,0143,0165,0162,0162,0145,0156,0164,0101,0144,0144,0162,0145,0163,0163,040,076,040,060,061,060,060,060,040,046,046,040,0143,0165,0162,0162,0145,0156,0164,0101,0144,0144,0162,0145,0163,0163,040,074,040,060,062,060,060,060,051,0173,012,011,011,011,0143,0165,0162,0162,0145,0156,0164,0101,0144,0144,0162,0145,0163,0163,040,055,075,040,060,061,060,060,060,073,012,011,011,011,0143,0165,0162,0162,0145,0156,0164,0107,0154,0171,0160,0150,040,075,040,0143,0165,0162,0162,0145,0156,0164,0124,0141,0142,0154,0145,0133,0143,0165,0162,0162,0145,0156,0164,0101,0144,0144,0162,0145,0163,0163,0135,073,012,011,011,0175,012,011,011,0143,0165,0162,0162,0145,0156,0164,0107,0154,0171,0160,0150,0101,0162,0162,0141,0171,040,075,040,0143,0165,0162,0162,0145,0156,0164,0107,0154,0171,0160,0150,056,0163,0160,0154,0151,0164,050,042,054,042,051,073,012,011,011,0143,0165,0162,0163,0157,0162,0120,0157,0163,0151,0164,0151,0157,0156,040,075,040,0143,0165,0162,0162,0145,0156,0164,0107,0154,0171,0160,0150,0101,0162,0162,0141,0171,056,0154,0145,0156,0147,0164,0150,073,012,011,011,0162,0145,0144,0162,0141,0167,050,051,073,012,
026:011,011,0166,0141,0162,040,0154,0157,0143,0141,0154,0123,0164,0162,0151,0156,0147,040,075,040,0144,0157,0143,0165,0155,0145,0156,0164,056,0147,0145,0164,0105,0154,0145,0155,0145,0156,0164,0102,0171,0111,0144,050,042,0155,0141,0151,0156,0124,0145,0170,0164,0101,0162,0145,0141,042,051,056,0166,0141,0154,0165,0145,073,012,011,011,0166,0141,0162,040,0151,0156,0160,0165,0164,0123,0164,0141,0143,0153,040,075,040,0154,0157,0143,0141,0154,0123,0164,0162,0151,0156,0147,056,0163,0160,0154,0151,0164,050,042,0134,0156,042,051,073,012,011,011,0146,0157,0162,050,0166,0141,0162,040,0151,0156,0144,0145,0170,040,075,040,060,073,0151,0156,0144,0145,0170,040,074,040,0151,0156,0160,0165,0164,0123,0164,0141,0143,0153,056,0154,0145,0156,0147,0164,0150,073,0151,0156,0144,0145,0170,053,053,051,0173,012,011,011,011,0166,0141,0162,040,0163,0164,0141,0143,0153,0114,0151,0156,0145,040,075,040,0151,0156,0160,0165,0164,0123,0164,0141,0143,0153,0133,0151,0156,0144,0145,0170,0135,056,0163,0160,0154,0151,0164,050,042,072,042,051,073,012,011,011,011,0166,0141,0162,040,0154,0157,0143,0141,0154,0101,0144,0144,0162,0145,0163,0163,040,075,040,0160,0141,0162,0163,0145,0111,0156,0164,050,0163,0164,0141,0143,0153,0114,0151,0156,0145,0133,060,0135,054,070,051,073,012,011,011,011,0166,0141,0162,040,0154,0157,0143,0141,0154,0107,0154,0171,0160,0150,040,075,040,0163,0164,0141,0143,0153,0114,0151,0156,0145,0133,061,0135,073,012,011,011,011,0143,0165,0162,0162,0145,0156,0164,0124,0141,0142,0154,0145,0133,0154,0157,0143,0141,0154,0101,0144,0144,0162,0145,0163,0163,0135,040,075,040,0154,0157,0143,0141,0154,0107,0154,0171,0160,0150,073,012,011,011,0175,012,011,011,0143,0165,0162,0162,0145,0156,0164,0107,0154,0171,0160,0150,040,075,040,0143,0165,0162,0162,0145,0156,0164,0124,0141,0142,0154,0145,0133,0143,0165,0162,0162,0145,0156,0164,0101,0144,0144,0162,0145,0163,0163,0135,073,012,011,011,0143,0165,0162,0162,0145,0156,0164,0107,0154,0171,0160,0150,0101,0162,0162,0141,0171,040,075,040,0143,0165,0162,0162,0145,0156,0164,0107,0154,0171,0160,0150,056,0163,0160,0154,0151,0164,050,042,054,042,051,073,012,011,011,0143,0165,0162,0163,0157,0162,0120,0157,0163,0151,0164,0151,0157,0156,040,075,040,0143,0165,0162,0162,0145,0156,0164,0107,0154,0171,0160,0150,0101,0162,0162,0141,0171,056,0154,0145,0156,0147,0164,0150,073,012,011,011,0162,0145,0144,0162,0141,0167,050,051,073,012,
027:011,011,0166,0141,0162,040,0154,0157,0143,0141,0154,0123,0164,0162,0151,0156,0147,040,075,040,042,042,073,012,011,011,0146,0157,0162,050,0166,0141,0162,040,0151,0156,0144,0145,0170,040,075,040,060,073,0151,0156,0144,0145,0170,040,074,040,0143,0165,0162,0162,0145,0156,0164,0124,0141,0142,0154,0145,056,0154,0145,0156,0147,0164,0150,073,0151,0156,0144,0145,0170,053,053,051,0173,012,011,011,011,0154,0157,0143,0141,0154,0123,0164,0162,0151,0156,0147,040,053,075,040,042,060,042,040,053,040,0151,0156,0144,0145,0170,056,0164,0157,0123,0164,0162,0151,0156,0147,050,070,051,040,053,040,042,072,042,040,053,040,0143,0165,0162,0162,0145,0156,0164,0124,0141,0142,0154,0145,0133,0151,0156,0144,0145,0170,0135,040,053,040,042,0134,0156,042,073,012,011,011,0175,012,011,011,0144,0157,0143,0165,0155,0145,0156,0164,056,0147,0145,0164,0105,0154,0145,0155,0145,0156,0164,0102,0171,0111,0144,050,042,0155,0141,0151,0156,0124,0145,0170,0164,0101,0162,0145,0141,042,051,056,0166,0141,0154,0165,0145,040,075,040,0154,0157,0143,0141,0154,0123,0164,0162,0151,0156,0147,073,012,
030:011,011,0143,0165,0162,0162,0145,0156,0164,0116,0157,0144,0145,040,075,040,0144,0157,0143,0165,0155,0145,0156,0164,056,0147,0145,0164,0105,0154,0145,0155,0145,0156,0164,0102,0171,0111,0144,050,042,0155,0141,0151,0156,042,051,073,012,040,040,011,040,040,040,040,0143,0165,0162,0162,0145,0156,0164,0116,0157,0144,0145,056,0162,0145,0160,0154,0141,0143,0145,0103,0150,0151,0154,0144,050,0155,0141,0151,0156,0124,0145,0170,0164,0101,0162,0145,0141,054,0144,0162,0141,0167,0103,0141,0156,0166,0141,0163,051,073,057,057,040,011,
031:011,011,0143,0165,0162,0162,0145,0156,0164,0116,0157,0144,0145,040,075,040,0144,0157,0143,0165,0155,0145,0156,0164,056,0147,0145,0164,0105,0154,0145,0155,0145,0156,0164,0102,0171,0111,0144,050,042,0155,0141,0151,0156,042,051,073,040,011,040,040,040,040,012,040,040,011,040,040,040,040,0143,0165,0162,0162,0145,0156,0164,0116,0157,0144,0145,056,0162,0145,0160,0154,0141,0143,0145,0103,0150,0151,0154,0144,050,0144,0162,0141,0167,0103,0141,0156,0166,0141,0163,054,0155,0141,0151,0156,0124,0145,0170,0164,0101,0162,0145,0141,051,073,012,
032:
033:
034:
035:
036:
037: