01200:0333,0200,0336,0336,0330,0332,0337,0200,0336,0331,0333,0337,0337    

01201:0304,0313,0333,0200,0201,0304    
          01202:0333,0200,0336,0332,0330,0200,0310,0202,0202,0202,0202,0334,0334,0337,0337,0337,0337,0313,0333,0331,0337    
          01203:0333,0203,0336,0336,0330,0337,0330,0332,0341,0342,0335,0342,0335,0342,0335,0342,0350,0304,0336,0333,0333,0331,0331,0337,0337,0200    
          
01204:0333,0200    

01205:0333,0200    

01206:0333,0200    

01207:0333,0200    

01210:0333,0200,0336,0330,0335,0331,0331,0337,0210,0334,0336,0331,0337    

01211:0333,0200,0336,0330,0335,0331,0331,0337,0211,0334,0336,0331,0337    
          01212:0333,0200,0336,0330,0332,0335,0335,0331,0342,0330,0335,0310,0336,0342,0330,0334,0334,0350,0335,0337,0342,0330,0334,0334,0342,0330,0334,0334,0334,0336,0342,0335,0335,0351,0332,0337,0313,0333,0331,0337    
          
01213:0333,0200    
          
01214:0333,0200,0336,0330,0335,0331,0331,0337,0214,0334,0336,0331,0337    

01215:0333,0200,0336,0330,0335,0331,0331,0337,0215,0334,0336,0331,0337    
          
01216:0333,0200,0336,0330,0335,0331,0331,0337,0216,0334,0336,0331,0337    
          01217:0333,0200,0336,0330,0332,0336,0331,0337,0337,0217,0336,0336,0333,0333,0331,0337,0337    
          01220:0333,0200,0336,0330,0332,0336,0331,0334,0334,0337,0337,0220,0336,0342,0333,0336,0331,0337,0337    
          
01221:0333,0200,0336,0330,0332,0221,0334,0336,0331,0337,0337    

01222:0333,0200,0336,0332,0337,0222,0336,0333,0337,0331    

01223:0333,0200,0332,0336,0330,0335,0337,0223,0336,0334,0331,0337    

01224:0333,0200,0336,0332,0337,0224,0336,0333,0337,0331    

01225:0333,0200,0336,0332,0337,0225,0336,0333,0337,0331    

01226:0333,0200    

01227:0333,0200    

0200:0304,0342,0330,0334,0342,0330,0334,0342,0330,0334,0342,0330,0334    
          0201:0306,0350,0334,0342,0330,0334,0334,0334,0334,0342,0330,0334,0334,0334,0334,0342,0330,0334,0334,0334    

0202:0304,0342,0335,0342,0330,0334,0350,0334,0310,0337,0342    

0203:0306,0351    

0204:0305,0311,0342,0335,0337,0342,0330,0334,0334,0342,0336    

0205:0305,0311,0337,0342,0330,0335,0335,0336,0342,0330,0335,0342    

0206:0340    
          
0207:0300    
          0210:0304,0336,0336,0330,0331,0336,0330,0331,0342,0330,0306,0350,0335,0335,0342,0334,0334,0330,0335,0335,0335,0335,0342,0334,0334,0334,0334,0334,0334,0342,0335,0335,0335,0334,0330,0334,0334,0334,0334,0342,0335,0335,0335,0335,0335,0335,0342,0334,0334,0330,0335,0335,0335,0335,0342,0334,0334,0334,0334,0334,0334,0342,0335,0335,0330,0335,0334,0334,0334,0334,0334,0342,0335,0335,0335,0335,0335,0335,0342,0334,0334,0330,0335,0335,0335,0335,0342,0334,0334,0334,0334,0334,0334,0342,0335,0335,0330,0334,0334,0334,0334,0342,0335,0335,0335,0335,0342,0330,0305,0304,0337,0337,0337  )
          0211:0304,0336,0336,0336,0342,0330,0337,0342,0330,0335,0342,0334,0334,0342,0335,0330,0334,0342,0334,0334,0342,0334,0342,0330,0336,0342,0330,0337,0337,0337    
          0212:0304,0313,0336,0336,0335,0342,0334,0334,0342,0330,0350,0335,0335,0335,0310,0337,0342,0330,0335,0335,0342,0330,0335,0335,0335,0351,0336,0330,0334,0313,0337,0337    
          0213:0304,0314,0336,0336,0345,0333,0336,0333,0337,0344,0336,0332,0332,0334,0334,0344,0345,0335,0335,0333,0333,0337,0337,0337    
          0214:0304,0336,0336,0336,0336,0342,0330,0337,0337,0337,0337,0314,0336,0337,0334,0336,0336,0333,0344,0337,0337,0213,0213,0213,0213,0336,0336,0345,0333,0335,0342,0330,0336,0336,0336,0336,0342,0330,0337,0337,0337,0337,0337,0337,0313    
          0215:0304,0342,0314,0336,0330,0313,0336,0332,0304,0350,0335,0337,0310,0337,0342,0336,0333,0334,0334,0337,0342,0336,0313,0336,0332,0335,0351,0330,0330,0330,0330,0314,0337,0313,0337    
          0216:0304,0314,0336,0342,0330,0334,0313,0336,0342,0334,0334,0342,0335,0335,0337,0314,0335,0313,0336,0332,0304,0350,0337,0342,0336,0335,0337,0310,0337,0342,0336,0333,0334,0342,0334,0337,0342,0336,0313,0336,0332,0335,0351,0330,0330,0334,0342,0335,0335,0342,0334,0342,0330,0342,0330,0314,0337,0313,0337    
          0217:0313,0304,0336,0336,0330,0341,0336,0336,0336,0331,0331,0331,0332,0332,0332,0332,0331,0337,0337,0337,0126,0331,0332,0337,0337,0336,0336,0336,0333,0330,0337,0337,0337    
          0220:0304,0313,0336,0336,0334,0342,0335,0335,0342,0334,0314,0336,0330,0330,0335,0342,0334,0334,0342,0332,0342,0330,0342,0331,0331,0331,0342,0330,0342,0330,0335,0331,0337,0313,0337,0337,0334,0334    
          0221:0304,0336,0336,0346,0347,0334,0334,0346,0347,0335,0342,0330,0336,0336,0336,0330,0341,0331,0337,0337,0337,0331,0336,0331,0342,0330,0335,0330,0330,0330,0330,0335,0337,0337,0337,0342,0333,0342,0330    
          0222:0304,0314,0336,0313,0336,0342,0330,0330,0330,0330,0330,0342,0331,0331,0337,0341,0332,0336,0350,0335,0342,0335,0335,0342,0335,0335,0342,0335,0335,0342,0337,0335,0351,0333,0333,0336,0350,0334,0342,0335,0335,0342,0335,0335,0342,0335,0335,0342,0335,0335,0335,0351,0332,0332,0330,0330,0330,0337,0314,0337,0313    
          0223:0304,0336,0336,0342,0330,0330,0330,0342,0331,0331,0334,0337,0342,0335,0335,0342,0336,0334,0330,0330,0335,0350,0335,0337,0310,0337,0342,0335,0335,0342,0335,0335,0335,0351,0336,0313,0336,0330,0337,0337    
          0224:0304,0313,0336,0336,0336,0342,0330,0337,0330,0341,0330,0341,0330,0336,0342,0330,0337,0337,0337    
          0225:0304,0313,0336,0336,0336,0342,0330,0337,0342,0330,0334,0342,0335,0335,0342,0334,0330,0335,0342,0335,0335,0342,0350,0334,0310,0337,0342,0334,0334,0342,0334,0334,0334,0351,0336,0313,0342,0330,0336,0342,0330,0337,0337,0337    

0226:0300    

0227:0300    

0226:0342,0336,0330,0336,0344,0335,0335,0333,0333,0344,0344,0335,0335,0333,0331,0331,0335,0335,0333,0330,0330,0334,0334,0345,0335,0335,0332,0332,0345,0335,0335,0330,0330,0337,0337    

0227:0342,0330,0330,0335,0330,0342,0330,0330,0335,0330,0342,0330,0335,0330,0332,0342,0333,0335,0335,0330,0335,0336,0342,0333,0330,0350,0334,0343,0333,0334,0334,0334,0334,0334,0342,0330,0330,0330,0342,0330,0335,0333,0334,0334,0343,0333,0334,0334,0334,0334,0334,0342,0330,0330,0330,0342,0330,0335,0333,0334,0334,0343,0333,0335,0335,0335,0342,0330,0330,0330,0342,0330,0335,0335,0330,0334,0334,0334,0343,0333,0335,0335,0335,0342,0304,0335,0335,0332,0332,0332,0332,0332,0331    

0230:0304,0313,0335,0336,0336,0342,0330,0330,0330,0342,0331,0331,0334,0342,0330,0335,0342,0330,0342,0330,0335,0342,0330,0342,0330,0335,0342,0330,0342,0330,0335,0342,0336,0336,0333,0330,0333,0330,0333,0337,0337,0110,0333,0336,0330,0333,0337,0337,0337    

0231:0304,0313,0335,0336,0336,0342,0330,0330,0330,0342,0331,0331,0334,0342,0330,0335,0342,0330,0342,0330,0335,0342,0330,0342,0330,0335,0342,0330,0342,0330,0335,0342,0336,0336,0333,0330,0333,0330,0333,0337,0337,0130,0333,0336,0330,0333,0337,0337,0337    
      0232:0304,0313,0335,0336,0336,0342,0330,0330,0330,0342,0331,0331,0334,0342,0330,0335,0342,0330,0342,0330,0335,0342,0330,0342,0330,0335,0342,0330,0342,0330,0335,0342,0336,0336,0333,0330,0333,0330,0333,0337,0337,0131,0333,0336,0330,0333,0337,0337,0337    
      0233:0304,0313,0335,0336,0336,0342,0330,0330,0330,0342,0331,0331,0334,0342,0330,0335,0342,0330,0342,0330,0335,0342,0330,0342,0330,0335,0342,0330,0342,0330,0335,0342,0336,0336,0333,0330,0333,0330,0333,0337,0337,0132,0333,0336,0330,0333,0337,0337,0337    
      0234:0304,0313,0335,0336,0336,0342,0330,0330,0330,0342,0331,0331,0334,0342,0330,0335,0342,0330,0342,0330,0335,0342,0330,0342,0330,0335,0342,0330,0342,0330,0335,0342,0336,0336,0333,0330,0333,0330,0333,0337,0337,0133,0333,0336,0330,0333,0337,0337,0337    

0240:0304,0313,0335,0342,0330,0336,0331,0340,0335,0342,0334,0334,0333,0337    

0241:0304,0313,0335,0342,0336,0330,0334,0342,0336,0336,0341,0337,0337,0333,0337    

0242:0304,0313,0335,0336,0336,0342,0330,0334,0342,0337,0342,0330,0335,0342,0330,0342,0330,0342,0330,0335,0342,0330,0342,0330,0335,0342,0330,0342,0330,0342,0330,0335,0342,0330,0333,0336,0333,0331,0337,0306,0343,0350,0335,0310,0337,0342,0330,0336,0336,0336,0336,0336,0335,0335,0335,0335,0335,0342,0335,0335,0342,0335,0335,0335,0335,0335,0337,0337,0337,0337,0337,0331,0336,0334,0313,0304,0336,0331,0332,0332,0332,0330,0330,0332,0337,0337    

0243:0335,0331,0331,0344,0332,0332,0334,0334,0344,0331,0331,0335,0335,0333,0330,0330,0334,0334,0332,0345,0333,0333,0335,0335,0345,0334,0332,0332    

0244:0304,0313,0331,0337,0342,0336,0336,0333,0334,0334,0350,0335,0343,0334,0330,0334,0334,0351,0337,0337,0342,0330,0342,0330,0336,0336,0332,0350,0335,0343,0334,0330,0334,0334,0351,0337,0337,0342,0330,0336,0336,0332,0350,0335,0343,0334,0330,0334,0334,0351,0337,0337,0337,0342,0330,0335,0336,0336,0336,0331,0350,0334,0343,0335,0304,0331,0331,0337    

0245:0342,0304,0313,0330,0336,0336,0336,0350,0335,0335,0335,0342,0335,0335,0342,0335,0335,0335,0351,0337,0337,0337,0331    

0246:0304,0313,0336,0336,0330,0335,0342,0330,0335,0342,0330,0334,0350,0334,0337,0310,0337,0342,0330,0334,0334,0342,0330,0334,0334,0334,0336,0313,0336,0342,0330,0335,0335,0342,0304,0330,0335,0330,0337,0337,0331    

0247:0304,0313,0336,0336,0330,0335,0337,0337,0342,0336,0332,0337,0342,0333,0334,0336,0330,0336,0331,0337,0337    

0250:0336,0336,0336,0336,0342,0330,0330,0342,0330,0330,0342,0330,0330,0342,0330,0330,0342,0330,0330,0342,0330,0330,0342,0330,0330,0342,0330,0330,0337,0337,0337,0337    