[
    {
        "shapes": [
            "0260:0336,0336,0336,0336,0331,0331,0332,0337,0337,0201,0336,0201,0336,0201,0334,0201,0201,0335,0337,0337,0201,0201,0201,0201,0201,0336,0201,0336,0201,0337,0337,0350,0334,0201,0334,0337,0201,0201,0336,0336,0201,0334,0337,0337,0201,0331,0335,0331,0331,0336,0336,0331,0335,0337,0331,0335,0304,0333,0333,0333,0350,0335,0201,0335,0337,0201,0201,0336,0331,0331,0331,0331,0334,0331,0334,0335,0335,0335,0335,0201,0201,0201,0201,0201,0334,0201,0335,0201,0336,0201,0334,0334,0201,0201,0201,0201,0201,0201,0335,0335,0335,0335,0337,0337,0330,0330,0304,0336,0330,0330,0336,0336,0330,0332,0337,0201,0201,0201,0201,0201,0201,0335,0201,0201,0201,0334,0201,0201,0334,0201,0201,0201,0335,0201,0201,0201,0201,0201,0201,0201,0201,0201,0201,0201,0201,0335,0335,0331,0333,0333,0333,0330,0336,0333,0330,0330,0337,0201,0201,0201,0201,0201,0201,0201,0201,0201,0201,0333,0350,0334,0343,0333,0335,0335,0335,0335,0334,0337,0304,0201,0335,0335,0333,0336,0333,0336,0333,0337,0337,0201,0336,0201,0336,0201,0336,0201,0335,0337,0336,0337,0337,0337,0337,0201,0201,0201,0201,0201,0334,0336,0336,0330,0330,0332,0332,0332,0332,0332,0332,0330,0330,0330,0330,0330,0332,0332,0330,0332,0330,0332,0330,0330,0330,0330,0330,0330,0330,0330,0330,0330,0330,0332,0326,0337,0330,0332,0332,0332,0332,0336,0103,0122,0131,0123,0124,0101,0114,040,0104,0122,0111,0126,0332,0332,0332,0332,0331,0337,0105,0365,"
        ],
        "glyph": "0336,0336,0336,0336,0331,0331,0332,0337,0337,0201,0336,0201,0336,0201,0334,0201,0201,0335,0337,0337,0201,0201,0201,0201,0201,0336,0201,0336,0201,0337,0337,0350,0334,0201,0334,0337,0201,0201,0336,0336,0201,0334,0337,0337,0201,0331,0335,0331,0331,0336,0336,0331,0335,0337,0331,0335,0304,0333,0333,0333,0350,0335,0201,0335,0337,0201,0201,0336,0331,0331,0331,0331,0334,0331,0334,0335,0335,0335,0335,0201,0201,0201,0201,0201,0334,0201,0335,0201,0336,0201,0334,0334,0201,0201,0201,0201,0201,0201,0335,0335,0335,0335,0337,0337,0330,0330,0304,0336,0330,0330,0336,0336,0330,0332,0337,0201,0201,0201,0201,0201,0201,0335,0201,0201,0201,0334,0201,0201,0334,0201,0201,0201,0335,0201,0201,0201,0201,0201,0201,0201,0201,0201,0201,0201,0201,0335,0335,0331,0333,0333,0333,0330,0336,0333,0330,0330,0337,0201,0201,0201,0201,0201,0201,0201,0201,0201,0201,0333,0350,0334,0343,0333,0335,0335,0335,0335,0334,0337,0304,0201,0335,0335,0333,0336,0333,0336,0333,0337,0337,0201,0336,0201,0336,0201,0336,0201,0335,0337,0336,0337,0337,0337,0337,0201,0201,0201,0201,0201,0334,0336,0336,0330,0330,0332,0332,0332,0332,0332,0332,0330,0330,0330,0330,0330,0332,0332,0330,0332,0330,0332,0330,0330,0330,0330,0330,0330,0330,0330,0330,0330,0330,0332,0326,0337,0330,0332,0332,0332,0332,0336,0103,0122,0131,0123,0124,0101,0114,040,0104,0122,0111,0126,0332,0332,0332,0332,0331,0337,0105,0365,",
        "w": 1366,
        "h": 672,
        "x0": 683,
        "y0": 336,
        "x0rel": 0,
        "y0rel": 0,
        "unit": 100,
        "imgurl": "https://i.imgur.com/irGYETi.jpg",
        "imgw": 6,
        "imgleft": -3,
        "imgtop": -4
    },
    {
        "shapes": [
            "0260:0336,0336,0336,0336,0331,0331,0332,0337,0337,0201,0336,0201,0336,0201,0334,0201,0201,0335,0337,0337,0201,0201,0201,0201,0201,0336,0201,0336,0201,0337,0337,0350,0334,0201,0334,0337,0201,0201,0336,0336,0201,0334,0337,0337,0201,0331,0335,0331,0331,0336,0336,0331,0335,0337,0331,0335,0304,0333,0333,0333,0350,0335,0201,0335,0337,0201,0201,0336,0331,0331,0331,0331,0334,0331,0334,0335,0335,0335,0335,0201,0201,0201,0201,0201,0334,0201,0335,0201,0336,0201,0334,0334,0201,0201,0201,0201,0201,0201,0335,0335,0335,0335,0337,0337,0330,0330,0304,0336,0330,0330,0336,0336,0330,0332,0337,0201,0201,0201,0201,0201,0201,0335,0201,0201,0201,0334,0201,0201,0334,0201,0201,0201,0335,0201,0201,0201,0201,0201,0201,0201,0201,0201,0201,0201,0201,0335,0335,0331,0333,0333,0333,0330,0336,0333,0330,0330,0337,0201,0201,0201,0201,0201,0201,0201,0201,0201,0201,0333,0350,0334,0343,0333,0335,0335,0335,0335,0334,0337,0304,0201,0335,0335,0333,0336,0333,0336,0333,0337,0337,0201,0336,0201,0336,0201,0336,0201,0335,0337,0336,0337,0337,0337,0337,0201,0201,0201,0201,0201,0334,0336,0336,0330,0330,0332,0332,0332,0332,0332,0332,0330,0330,0330,0330,0330,0332,0332,0330,0332,0330,0332,0330,0330,0330,0330,0330,0330,0330,0330,0330,0330,0330,0332,0326,0337,0330,0332,0332,0332,0332,0336,0103,0122,0131,0123,0124,0101,0114,040,0104,0122,0111,0126,0332,0332,0332,0332,0331,0337,0105,0365,0320,0336,0331,0333,0333,0333,0333,0331,0333,0333,0333,0333,0331,0116,0117,0122,0124,0110,0365,0331,0331,0104,0117,0117,0122,0365,"
        ],
        "glyph": "0336,0336,0336,0336,0331,0331,0332,0337,0337,0201,0336,0201,0336,0201,0334,0201,0201,0335,0337,0337,0201,0201,0201,0201,0201,0336,0201,0336,0201,0337,0337,0350,0334,0201,0334,0337,0201,0201,0336,0336,0201,0334,0337,0337,0201,0331,0335,0331,0331,0336,0336,0331,0335,0337,0331,0335,0304,0333,0333,0333,0350,0335,0201,0335,0337,0201,0201,0336,0331,0331,0331,0331,0334,0331,0334,0335,0335,0335,0335,0201,0201,0201,0201,0201,0334,0201,0335,0201,0336,0201,0334,0334,0201,0201,0201,0201,0201,0201,0335,0335,0335,0335,0337,0337,0330,0330,0304,0336,0330,0330,0336,0336,0330,0332,0337,0201,0201,0201,0201,0201,0201,0335,0201,0201,0201,0334,0201,0201,0334,0201,0201,0201,0335,0201,0201,0201,0201,0201,0201,0201,0201,0201,0201,0201,0201,0335,0335,0331,0333,0333,0333,0330,0336,0333,0330,0330,0337,0201,0201,0201,0201,0201,0201,0201,0201,0201,0201,0333,0350,0334,0343,0333,0335,0335,0335,0335,0334,0337,0304,0201,0335,0335,0333,0336,0333,0336,0333,0337,0337,0201,0336,0201,0336,0201,0336,0201,0335,0337,0336,0337,0337,0337,0337,0201,0201,0201,0201,0201,0334,0336,0336,0330,0330,0332,0332,0332,0332,0332,0332,0330,0330,0330,0330,0330,0332,0332,0330,0332,0330,0332,0330,0330,0330,0330,0330,0330,0330,0330,0330,0330,0330,0332,0326,0337,0330,0332,0332,0332,0332,0336,0103,0122,0131,0123,0124,0101,0114,040,0104,0122,0111,0126,0332,0332,0332,0332,0331,0337,0105,0365,0320,0336,0331,0333,0333,0333,0333,0331,0333,0333,0333,0333,0331,0116,0117,0122,0124,0110,0365,0331,0331,0104,0117,0117,0122,0365,",
        "w": 1366,
        "h": 672,
        "x0": 683,
        "y0": 336,
        "x0rel": 0,
        "y0rel": 0,
        "unit": 100,
        "imgurl": "",
        "imgw": 2,
        "imgleft": -1,
        "imgtop": -1
    },
    {
        "shapes": [
            "0260:0336,0331,0331,0336,0332,0331,0331,0336,0331,0333,0333,0333,0334,0201,0201,0201,0335,0201,0201,0201,0201,0201,0201,0201,0201,0335,0201,0201,0201,0334,0201,0201,0201,0201,0201,0201,0201,0201,0201,0201,0201,0201,0201,0335,0201,0201,0201,0201,0201,0201,0201,0334,0334,0333,0333,0333,0201,0201,0201,0201,0201,0201,0201,0335,0201,0201,0201,0201,0201,0201,0201,0201,0201,0201,0332,0332,0332,0332,0332,0332,0335,0335,0201,0201,0201,0201,0201,0201,0201,0201,0201,0201,0201,0201,0201,0201,0201,0201,0201,0201,0201,0201,0201,0201,0336,0201,0335,0337,0337,0201,0201,0201,0201,0201,0201,0201,0201,0201,0201,0335,0335,0333,0336,0333,0330,0336,0333,0337,0337,0201,0201,0201,0201,0201,0201,0201,0201,0336,0201,0333,0350,0334,0343,0333,0335,0335,0335,0304,0201,0201,0201,0201,0201,0201,0335,0335,0330,0330,0330,0330,0330,0330,0337,0337,0330,0330,0330,0330,0330,0330,0336,0330,0336,0330,0333,0334,0337,0337,0337,0337,0342,0335,0335,0336,0336,0330,0336,0330,0337,0337,0342,0334,0336,0330,0332,0332,0336,0330,0326,0103,0122,0131,0123,0124,0101,0114,040,0104,0122,0111,0126,0105,0365,0320,0331,0331,0331,0333,0336,0331,0333,0123,0117,0125,0124,0110,0365,0331,0331,0104,0117,0117,0122,0365,"
        ],
        "glyph": "0336,0331,0331,0336,0332,0331,0331,0336,0331,0333,0333,0333,0334,0201,0201,0201,0335,0201,0201,0201,0201,0201,0201,0201,0201,0335,0201,0201,0201,0334,0201,0201,0201,0201,0201,0201,0201,0201,0201,0201,0201,0201,0201,0335,0201,0201,0201,0201,0201,0201,0201,0334,0334,0333,0333,0333,0201,0201,0201,0201,0201,0201,0201,0335,0201,0201,0201,0201,0201,0201,0201,0201,0201,0201,0332,0332,0332,0332,0332,0332,0335,0335,0201,0201,0201,0201,0201,0201,0201,0201,0201,0201,0201,0201,0201,0201,0201,0201,0201,0201,0201,0201,0201,0201,0336,0201,0335,0337,0337,0201,0201,0201,0201,0201,0201,0201,0201,0201,0201,0335,0335,0333,0336,0333,0330,0336,0333,0337,0337,0201,0201,0201,0201,0201,0201,0201,0201,0336,0201,0333,0350,0334,0343,0333,0335,0335,0335,0304,0201,0201,0201,0201,0201,0201,0335,0335,0330,0330,0330,0330,0330,0330,0337,0337,0330,0330,0330,0330,0330,0330,0336,0330,0336,0330,0333,0334,0337,0337,0337,0337,0342,0335,0335,0336,0336,0330,0336,0330,0337,0337,0342,0334,0336,0330,0332,0332,0336,0330,0326,0103,0122,0131,0123,0124,0101,0114,040,0104,0122,0111,0126,0105,0365,0320,0331,0331,0331,0333,0336,0331,0333,0123,0117,0125,0124,0110,0365,0331,0331,0104,0117,0117,0122,0365,",
        "w": 1366,
        "h": 672,
        "x0": 683,
        "y0": 536,
        "x0rel": 0,
        "y0rel": 2,
        "unit": 100,
        "imgurl": "https://i.imgur.com/SvWkXRU.jpg",
        "imgw": 6,
        "imgleft": -3,
        "imgtop": -4
    },
    {
        "shapes": [
            "0260:0336,0331,0331,0336,0332,0331,0331,0336,0331,0333,0333,0333,0334,0201,0201,0201,0335,0201,0201,0201,0201,0201,0201,0201,0201,0335,0201,0201,0201,0334,0201,0201,0201,0201,0201,0201,0201,0201,0201,0201,0201,0201,0201,0335,0201,0201,0201,0201,0201,0201,0201,0334,0334,0333,0333,0333,0201,0201,0201,0201,0201,0201,0201,0335,0201,0201,0201,0201,0201,0201,0201,0201,0201,0201,0332,0332,0332,0332,0332,0332,0335,0335,0201,0201,0201,0201,0201,0201,0201,0201,0201,0201,0201,0201,0201,0201,0201,0201,0201,0201,0201,0201,0201,0201,0336,0201,0335,0337,0337,0201,0201,0201,0201,0201,0201,0201,0201,0201,0201,0335,0335,0333,0336,0333,0330,0336,0333,0337,0337,0201,0201,0201,0201,0201,0201,0201,0201,0336,0201,0333,0350,0334,0343,0333,0335,0335,0335,0304,0201,0201,0201,0201,0201,0201,0335,0335,0330,0330,0330,0330,0330,0330,0337,0337,0330,0330,0330,0330,0330,0330,0336,0330,0336,0330,0333,0334,0337,0337,0337,0337,0342,0335,0335,0336,0336,0330,0336,0330,0337,0337,0342,0334,0336,0330,0332,0332,0336,0330,0326,0103,0122,0131,0123,0124,0101,0114,040,0104,0122,0111,0126,0105,0365,0320,0331,0331,0331,0333,0336,0331,0333,0123,0117,0125,0124,0110,0365,0331,0331,0104,0117,0117,0122,0365,0304,"
        ],
        "glyph": "0336,0331,0331,0336,0332,0331,0331,0336,0331,0333,0333,0333,0334,0201,0201,0201,0335,0201,0201,0201,0201,0201,0201,0201,0201,0335,0201,0201,0201,0334,0201,0201,0201,0201,0201,0201,0201,0201,0201,0201,0201,0201,0201,0335,0201,0201,0201,0201,0201,0201,0201,0334,0334,0333,0333,0333,0201,0201,0201,0201,0201,0201,0201,0335,0201,0201,0201,0201,0201,0201,0201,0201,0201,0201,0332,0332,0332,0332,0332,0332,0335,0335,0201,0201,0201,0201,0201,0201,0201,0201,0201,0201,0201,0201,0201,0201,0201,0201,0201,0201,0201,0201,0201,0201,0336,0201,0335,0337,0337,0201,0201,0201,0201,0201,0201,0201,0201,0201,0201,0335,0335,0333,0336,0333,0330,0336,0333,0337,0337,0201,0201,0201,0201,0201,0201,0201,0201,0336,0201,0333,0350,0334,0343,0333,0335,0335,0335,0304,0201,0201,0201,0201,0201,0201,0335,0335,0330,0330,0330,0330,0330,0330,0337,0337,0330,0330,0330,0330,0330,0330,0336,0330,0336,0330,0333,0334,0337,0337,0337,0337,0342,0335,0335,0336,0336,0330,0336,0330,0337,0337,0342,0334,0336,0330,0332,0332,0336,0330,0326,0103,0122,0131,0123,0124,0101,0114,040,0104,0122,0111,0126,0105,0365,0320,0331,0331,0331,0333,0336,0331,0333,0123,0117,0125,0124,0110,0365,0331,0331,0104,0117,0117,0122,0365,0304,",
        "w": 1366,
        "h": 672,
        "x0": 683,
        "y0": 386,
        "x0rel": 0,
        "y0rel": 0.6655000000000001,
        "unit": 75.13148009015777,
        "imgurl": "",
        "imgw": 2,
        "imgleft": -1,
        "imgtop": -1
    },
    {
        "shapes": [
            "0260:0336,0332,0330,0330,0333,0334,0201,0334,0201,0201,0336,0336,0201,0335,0201,0201,0201,0334,0337,0337,0201,0201,0336,0201,0334,0336,0201,0335,0201,0201,0201,0334,0337,0201,0201,0201,0201,0334,0201,0201,0335,0201,0201,0201,0201,0335,0201,0201,0201,0334,0201,0201,0201,0335,0201,0334,0201,0201,0201,0201,0335,0335,0332,0332,0332,0201,0201,0201,0201,0201,0201,0201,0201,0335,0201,0334,0201,0201,0201,0201,0201,0201,0201,0201,0334,0201,0201,0201,0201,0201,0201,0201,0201,0335,0335,0332,0332,0201,0201,0201,0201,0201,0201,0334,0201,0201,0201,0201,0201,0201,0335,0335,0332,0336,0332,0337,0337,0201,0201,0201,0336,0336,0201,0334,0337,0337,0201,0201,0201,0201,0201,0201,0336,0336,0201,0335,0337,0337,0201,0334,0201,0201,0201,0201,0333,0335,0335,0336,0336,0333,0337,0337,0201,0336,0201,0334,0201,0201,0201,0201,0335,0201,0201,0335,0201,0336,0201,0201,0335,0337,0337,0331,0331,0331,0331,0331,0331,0336,0332,0332,0336,0332,0336,0330,0337,0335,0337,0201,0201,0201,0335,0336,0201,0336,0201,0334,0337,0337,0201,0201,0201,0336,0201,0336,0201,0335,0337,0337,0201,0336,0336,0201,0335,0337,0337,0201,0201,0201,0201,0201,0201,0336,0201,0336,0201,0335,0337,0337,0201,0201,0334,0336,0330,0201,0334,0201,0201,0201,0201,0201,0334,0201,0334,0201,0201,0201,0201,0201,"
        ],
        "glyph": "0336,0332,0330,0330,0333,0334,0201,0334,0201,0201,0336,0336,0201,0335,0201,0201,0201,0334,0337,0337,0201,0201,0336,0201,0334,0336,0201,0335,0201,0201,0201,0334,0337,0201,0201,0201,0201,0334,0201,0201,0335,0201,0201,0201,0201,0335,0201,0201,0201,0334,0201,0201,0201,0335,0201,0334,0201,0201,0201,0201,0335,0335,0332,0332,0332,0201,0201,0201,0201,0201,0201,0201,0201,0335,0201,0334,0201,0201,0201,0201,0201,0201,0201,0201,0334,0201,0201,0201,0201,0201,0201,0201,0201,0335,0335,0332,0332,0201,0201,0201,0201,0201,0201,0334,0201,0201,0201,0201,0201,0201,0335,0335,0332,0336,0332,0337,0337,0201,0201,0201,0336,0336,0201,0334,0337,0337,0201,0201,0201,0201,0201,0201,0336,0336,0201,0335,0337,0337,0201,0334,0201,0201,0201,0201,0333,0335,0335,0336,0336,0333,0337,0337,0201,0336,0201,0334,0201,0201,0201,0201,0335,0201,0201,0335,0201,0336,0201,0201,0335,0337,0337,0331,0331,0331,0331,0331,0331,0336,0332,0332,0336,0332,0336,0330,0337,0335,0337,0201,0201,0201,0335,0336,0201,0336,0201,0334,0337,0337,0201,0201,0201,0336,0201,0336,0201,0335,0337,0337,0201,0336,0336,0201,0335,0337,0337,0201,0201,0201,0201,0201,0201,0336,0201,0336,0201,0335,0337,0337,0201,0201,0334,0336,0330,0201,0334,0201,0201,0201,0201,0201,0334,0201,0334,0201,0201,0201,0201,0201,",
        "w": 1366,
        "h": 672,
        "x0": 633,
        "y0": 36,
        "x0rel": -0.5,
        "y0rel": -3,
        "unit": 100,
        "imgurl": "https://i.imgur.com/ua3kVX8.jpg",
        "imgw": 6,
        "imgleft": -3,
        "imgtop": -3
    },
    {
        "shapes": [
            "0260:0336,0332,0330,0330,0333,0334,0201,0334,0201,0201,0336,0336,0201,0335,0201,0201,0201,0334,0337,0337,0201,0201,0336,0201,0334,0336,0201,0335,0201,0201,0201,0334,0337,0201,0201,0201,0201,0334,0201,0201,0335,0201,0201,0201,0201,0335,0201,0201,0201,0334,0201,0201,0201,0335,0201,0334,0201,0201,0201,0201,0335,0335,0332,0332,0332,0201,0201,0201,0201,0201,0201,0201,0201,0335,0201,0334,0201,0201,0201,0201,0201,0201,0201,0201,0334,0201,0201,0201,0201,0201,0201,0201,0201,0335,0335,0332,0332,0201,0201,0201,0201,0201,0201,0334,0201,0201,0201,0201,0201,0201,0335,0335,0332,0336,0332,0337,0337,0201,0201,0201,0336,0336,0201,0334,0337,0337,0201,0201,0201,0201,0201,0201,0336,0336,0201,0335,0337,0337,0201,0334,0201,0201,0201,0201,0333,0335,0335,0336,0336,0333,0337,0337,0201,0336,0201,0334,0201,0201,0201,0201,0335,0201,0201,0335,0201,0336,0201,0201,0335,0337,0337,0331,0331,0331,0331,0331,0331,0336,0332,0332,0336,0332,0336,0330,0337,0335,0337,0201,0201,0201,0335,0336,0201,0336,0201,0334,0337,0337,0201,0201,0201,0336,0201,0336,0201,0335,0337,0337,0201,0336,0336,0201,0335,0337,0337,0201,0201,0201,0201,0201,0201,0336,0201,0336,0201,0335,0337,0337,0201,0201,0334,0336,0330,0201,0334,0201,0201,0201,0201,0201,0334,0201,0334,0201,0201,0201,0201,0201,0337,0337,0333,0333,0333,0333,0333,0333,0333,0333,0331,0336,0115,0105,0124,0122,0117,0365,0331,0331,0105,0116,0124,0122,0101,0116,0103,0105,0365,"
        ],
        "glyph": "0336,0332,0330,0330,0333,0334,0201,0334,0201,0201,0336,0336,0201,0335,0201,0201,0201,0334,0337,0337,0201,0201,0336,0201,0334,0336,0201,0335,0201,0201,0201,0334,0337,0201,0201,0201,0201,0334,0201,0201,0335,0201,0201,0201,0201,0335,0201,0201,0201,0334,0201,0201,0201,0335,0201,0334,0201,0201,0201,0201,0335,0335,0332,0332,0332,0201,0201,0201,0201,0201,0201,0201,0201,0335,0201,0334,0201,0201,0201,0201,0201,0201,0201,0201,0334,0201,0201,0201,0201,0201,0201,0201,0201,0335,0335,0332,0332,0201,0201,0201,0201,0201,0201,0334,0201,0201,0201,0201,0201,0201,0335,0335,0332,0336,0332,0337,0337,0201,0201,0201,0336,0336,0201,0334,0337,0337,0201,0201,0201,0201,0201,0201,0336,0336,0201,0335,0337,0337,0201,0334,0201,0201,0201,0201,0333,0335,0335,0336,0336,0333,0337,0337,0201,0336,0201,0334,0201,0201,0201,0201,0335,0201,0201,0335,0201,0336,0201,0201,0335,0337,0337,0331,0331,0331,0331,0331,0331,0336,0332,0332,0336,0332,0336,0330,0337,0335,0337,0201,0201,0201,0335,0336,0201,0336,0201,0334,0337,0337,0201,0201,0201,0336,0201,0336,0201,0335,0337,0337,0201,0336,0336,0201,0335,0337,0337,0201,0201,0201,0201,0201,0201,0336,0201,0336,0201,0335,0337,0337,0201,0201,0334,0336,0330,0201,0334,0201,0201,0201,0201,0201,0334,0201,0334,0201,0201,0201,0201,0201,0337,0337,0333,0333,0333,0333,0333,0333,0333,0333,0331,0336,0115,0105,0124,0122,0117,0365,0331,0331,0105,0116,0124,0122,0101,0116,0103,0105,0365,",
        "w": 1366,
        "h": 672,
        "x0": 683,
        "y0": 236,
        "x0rel": 0,
        "y0rel": -1.7715610000000008,
        "unit": 56.44739300537772,
        "imgurl": "",
        "imgw": 2,
        "imgleft": -1,
        "imgtop": -1
    },
    {
        "shapes": [
            "0260:0330,0330,0332,0332,0336,0333,0336,0333,0330,0330,0335,0335,0337,0337,0201,0201,0201,0336,0336,0336,0201,0334,0337,0201,0336,0201,0335,0337,0337,0201,0201,0201,0336,0201,0336,0201,0335,0337,0337,0201,0201,0201,0201,0201,0335,0335,0333,0201,0201,0201,0201,0201,0201,0334,0336,0201,0336,0201,0335,0337,0337,0201,0201,0306,0350,0335,0201,0334,0201,0201,0201,0201,0334,0334,0334,0330,0334,0334,0334,0201,0201,0201,0201,0335,0201,0334,0201,0304,0201,0335,0201,0201,0201,0336,0201,0336,0201,0334,0201,0201,0201,0335,0337,0201,0201,0201,0201,0201,0201,0201,0201,0201,0201,0201,0201,0201,0201,0201,0336,0201,0335,0337,0337,0201,0201,0331,0331,0331,0334,0331,0331,0336,0336,0331,0337,0201,0201,0201,0201,0334,0201,0201,0201,0201,0201,0335,0337,0337,0331,0333,0333,0331,0331,0331,0331,0331,"
        ],
        "glyph": "0330,0330,0332,0332,0336,0333,0336,0333,0330,0330,0335,0335,0337,0337,0201,0201,0201,0336,0336,0336,0201,0334,0337,0201,0336,0201,0335,0337,0337,0201,0201,0201,0336,0201,0336,0201,0335,0337,0337,0201,0201,0201,0201,0201,0335,0335,0333,0201,0201,0201,0201,0201,0201,0334,0336,0201,0336,0201,0335,0337,0337,0201,0201,0306,0350,0335,0201,0334,0201,0201,0201,0201,0334,0334,0334,0330,0334,0334,0334,0201,0201,0201,0201,0335,0201,0334,0201,0304,0201,0335,0201,0201,0201,0336,0201,0336,0201,0334,0201,0201,0201,0335,0337,0201,0201,0201,0201,0201,0201,0201,0201,0201,0201,0201,0201,0201,0201,0201,0336,0201,0335,0337,0337,0201,0201,0331,0331,0331,0334,0331,0331,0336,0336,0331,0337,0201,0201,0201,0201,0334,0201,0201,0201,0201,0201,0335,0337,0337,0331,0333,0333,0331,0331,0331,0331,0331,",
        "w": 1366,
        "h": 672,
        "x0": 683,
        "y0": 336,
        "x0rel": 0,
        "y0rel": 0,
        "unit": 68.30134553650706,
        "imgurl": "https://i.imgur.com/dtX1ISq.jpg",
        "imgw": 6,
        "imgleft": -3,
        "imgtop": -4
    },
    {
        "shapes": [
            "0260:0330,0330,0332,0332,0336,0333,0336,0333,0330,0330,0335,0335,0337,0337,0201,0201,0201,0336,0336,0336,0201,0334,0337,0201,0336,0201,0335,0337,0337,0201,0201,0201,0336,0201,0336,0201,0335,0337,0337,0201,0201,0201,0201,0201,0335,0335,0333,0201,0201,0201,0201,0201,0201,0334,0336,0201,0336,0201,0335,0337,0337,0201,0201,0306,0350,0335,0201,0334,0201,0201,0201,0201,0334,0334,0334,0330,0334,0334,0334,0201,0201,0201,0201,0335,0201,0334,0201,0304,0201,0335,0201,0201,0201,0336,0201,0336,0201,0334,0201,0201,0201,0335,0337,0201,0201,0201,0201,0201,0201,0201,0201,0201,0201,0201,0201,0201,0201,0201,0336,0201,0335,0337,0337,0201,0201,0331,0331,0331,0334,0331,0331,0336,0336,0331,0337,0201,0201,0201,0201,0334,0201,0201,0201,0201,0201,0335,0337,0337,0331,0333,0333,0331,0331,0331,0331,0331,0330,0333,0336,0331,0332,0336,0123,0127,040,0103,0117,0122,0116,0105,0122,0365,0163,0331,0331,0331,0332,0332,0331,0331,0332,0332,0332,0332,0332,0332,0332,0332,0332,0332,0330,0336,0330,0330,0334,0310,0337,0201,0335,0335,0350,0334,0336,0342,0335,0335,0342,0334,0304,0124,0117,040,061,062,0124,0110,040,0337,0124,0117,040,0124,0125,0116,0116,0105,0114,0365,0334,0313,0333,0333,0333,0337,0333,0337,0333,0333,0330,0330,0333,0333,0330,0333,0330,"
        ],
        "glyph": "0330,0330,0332,0332,0336,0333,0336,0333,0330,0330,0335,0335,0337,0337,0201,0201,0201,0336,0336,0336,0201,0334,0337,0201,0336,0201,0335,0337,0337,0201,0201,0201,0336,0201,0336,0201,0335,0337,0337,0201,0201,0201,0201,0201,0335,0335,0333,0201,0201,0201,0201,0201,0201,0334,0336,0201,0336,0201,0335,0337,0337,0201,0201,0306,0350,0335,0201,0334,0201,0201,0201,0201,0334,0334,0334,0330,0334,0334,0334,0201,0201,0201,0201,0335,0201,0334,0201,0304,0201,0335,0201,0201,0201,0336,0201,0336,0201,0334,0201,0201,0201,0335,0337,0201,0201,0201,0201,0201,0201,0201,0201,0201,0201,0201,0201,0201,0201,0201,0336,0201,0335,0337,0337,0201,0201,0331,0331,0331,0334,0331,0331,0336,0336,0331,0337,0201,0201,0201,0201,0334,0201,0201,0201,0201,0201,0335,0337,0337,0331,0333,0333,0331,0331,0331,0331,0331,0330,0333,0336,0331,0332,0336,0123,0127,040,0103,0117,0122,0116,0105,0122,0365,0163,0331,0331,0331,0332,0332,0331,0331,0332,0332,0332,0332,0332,0332,0332,0332,0332,0332,0330,0336,0330,0330,0334,0310,0337,0201,0335,0335,0350,0334,0336,0342,0335,0335,0342,0334,0304,0124,0117,040,061,062,0124,0110,040,0337,0124,0117,040,0124,0125,0116,0116,0105,0114,0365,0334,0313,0333,0333,0333,0337,0333,0337,0333,0333,0330,0330,0333,0333,0330,0333,0330,",
        "w": 1366,
        "h": 672,
        "x0": 683,
        "y0": 336,
        "x0rel": 0,
        "y0rel": 0,
        "unit": 56.44739300537773,
        "imgurl": "",
        "imgw": 2,
        "imgleft": -1,
        "imgtop": -1
    }
]
