0202:,0336,0336,0201,0334,0201,0335,0201,0335,0201,0201,0334,0201,0334,0201,0335,0201,0337,0337,
0203:,0336,0336,0202,0334,0202,0335,0202,0335,0202,0202,0334,0202,0334,0202,0335,0202,0337,0337,
0204:,0336,0336,0203,0334,0203,0335,0203,0335,0203,0203,0334,0203,0334,0203,0335,0203,0337,0337,
0205:0200,0201,0202,0203,0204
0400:,0332,0336,0333,0337,0310,0336,0313,0335,0331,0331,0337,0336,0331,0337,0204,0334,0204,0335,0204,0335,0204,0204,0334,0204,0334,0204,0335,0204,0331,0331,0331,0331,0331,0331,
01200:0333,0200,0336,0336,0330,0332,0337,0200,0336,0331,0333,0337,0337
01201:0304,0313,0333,0200,0336,0336,0330,0330,0332,0332,0332,0335,0336,0337,0337,0342,0330,0335,0350,0335,0336,0336,0342,0335,0335,0342,0335,0304,0337,0331,0331,0333,0337,0337
01202:0333,0200,,0336,0332,0337,0202,0336,0333,0331,0331,0337,
01203:0333,0200,0336,0332,0337,0203,,0331,0336,0333,0337,
01204:0333,0200

